"Points:0","Points:1","Points:2","T","p"
1.25e-05,0,0.0001,293.21,0
0,0,0.0001,293.17,0
1.25e-05,3.8333e-06,0.0001,293.4,0
0,3.8333e-06,0.0001,293.21,0
2.5e-05,0,0.0001,293.28,0
2.5e-05,3.8333e-06,0.0001,293.68,0
3.75e-05,0,0.0001,293.36,0
3.75e-05,3.8333e-06,0.0001,294,0
5e-05,0,0.0001,293.46,0
5e-05,3.8333e-06,0.0001,294.38,0
6.25e-05,0,0.0001,293.58,0
6.25e-05,3.8333e-06,0.0001,294.86,0
7.5e-05,0,0.0001,293.73,0
7.5e-05,3.8333e-06,0.0001,295.45,0
8.75e-05,0,0.0001,293.91,0
8.75e-05,3.8333e-06,0.0001,296.18,0
0.0001,0,0.0001,294.14,0
0.0001,3.8333e-06,0.0001,297.09,0
0.0001125,0,0.0001,294.41,0
0.0001125,3.8333e-06,0.0001,298.2,0
0.000125,0,0.0001,294.75,0
0.000125,3.8333e-06,0.0001,299.53,0
0.0001375,0,0.0001,295.15,0
0.0001375,3.8333e-06,0.0001,301.13,0
0.00015,0,0.0001,295.62,0
0.00015,3.8333e-06,0.0001,303.02,0
0.0001625,0,0.0001,296.18,0
0.0001625,3.8333e-06,0.0001,305.22,0
0.000175,0,0.0001,296.82,0
0.000175,3.8333e-06,0.0001,307.76,0
0.0001875,0,0.0001,297.55,0
0.0001875,3.8333e-06,0.0001,310.67,0
0.0002,0,0.0001,298.38,0
0.0002,3.8333e-06,0.0001,313.96,0
0.0002125,0,0.0001,299.32,0
0.0002125,3.8333e-06,0.0001,317.66,0
0.000225,0,0.0001,300.37,0
0.000225,3.8333e-06,0.0001,321.8,0
0.0002375,0,0.0001,301.54,0
0.0002375,3.8333e-06,0.0001,326.39,0
0.00025,0,0.0001,302.83,0
0.00025,3.8333e-06,0.0001,331.47,0
0.0002625,0,0.0001,304.26,0
0.0002625,3.8333e-06,0.0001,337.06,0
0.000275,0,0.0001,305.84,0
0.000275,3.8333e-06,0.0001,343.21,0
0.0002875,0,0.0001,307.57,0
0.0002875,3.8333e-06,0.0001,349.97,0
0.0003,0,0.0001,309.48,0
0.0003,3.8333e-06,0.0001,357.36,0
0.0003125,0,0.0001,311.57,0
0.0003125,3.8333e-06,0.0001,365.46,0
0.000325,0,0.0001,313.87,0
0.000325,3.8333e-06,0.0001,374.28,0
0.0003375,0,0.0001,316.37,0
0.0003375,3.8333e-06,0.0001,383.88,0
0.00035,0,0.0001,319.09,0
0.00035,3.8333e-06,0.0001,394.25,0
0.0003625,0,0.0001,322.01,0
0.0003625,3.8333e-06,0.0001,405.36,0
0.000375,0,0.0001,325.12,0
0.000375,3.8333e-06,0.0001,417.1,0
0.0003875,0,0.0001,328.37,0
0.0003875,3.8333e-06,0.0001,429.24,0
0.0004,0,0.0001,331.64,0
0.0004,3.8333e-06,0.0001,441.36,0
0.0004125,0,0.0001,334.74,0
0.0004125,3.8333e-06,0.0001,452.68,0
0.000425,0,0.0001,337.35,0
0.000425,3.8333e-06,0.0001,462,0
0.0004375,0,0.0001,339.01,0
0.0004375,3.8333e-06,0.0001,467.63,0
0.00045,0,0.0001,339.18,0
0.00045,3.8333e-06,0.0001,467.7,0
0.0004625,0,0.0001,337.37,0
0.0004625,3.8333e-06,0.0001,460.59,0
0.000475,0,0.0001,333.43,0
0.000475,3.8333e-06,0.0001,445.75,0
0.0004875,0,0.0001,327.65,0
0.0004875,3.8333e-06,0.0001,424.18,0
0.0005,0,0.0001,320.76,0
0.0005,3.8333e-06,0.0001,398.49,0
0.0005125,0,0.0001,313.73,0
0.0005125,3.8333e-06,0.0001,372.15,0
0.000525,0,0.0001,307.45,0
0.000525,3.8333e-06,0.0001,348.42,0
0.0005375,0,0.0001,302.45,0
0.0005375,3.8333e-06,0.0001,329.35,0
0.00055,0,0.0001,298.85,0
0.00055,3.8333e-06,0.0001,315.5,0
0.0005625,0,0.0001,296.48,0
0.0005625,3.8333e-06,0.0001,306.27,0
0.000575,0,0.0001,295.02,0
0.000575,3.8333e-06,0.0001,300.55,0
0.0005875,0,0.0001,294.17,0
0.0005875,3.8333e-06,0.0001,297.2,0
0.0006,0,0.0001,293.69,0
0.0006,3.8333e-06,0.0001,295.32,0
0.0006125,0,0.0001,293.44,0
0.0006125,3.8333e-06,0.0001,294.3,0
0.000625,0,0.0001,293.3,0
0.000625,3.8333e-06,0.0001,293.75,0
0.0006375,0,0.0001,293.23,0
0.0006375,3.8333e-06,0.0001,293.46,0
0.00065,0,0.0001,293.19,0
0.00065,3.8333e-06,0.0001,293.31,0
0.0006625,0,0.0001,293.17,0
0.0006625,3.8333e-06,0.0001,293.23,0
0.000675,0,0.0001,293.16,0
0.000675,3.8333e-06,0.0001,293.19,0
0.0006875,0,0.0001,293.16,0
0.0006875,3.8333e-06,0.0001,293.17,0
0.0007,0,0.0001,293.15,0
0.0007,3.8333e-06,0.0001,293.16,0
0.0007125,0,0.0001,293.15,0
0.0007125,3.8333e-06,0.0001,293.16,0
0.000725,0,0.0001,293.15,0
0.000725,3.8333e-06,0.0001,293.15,0
0.0007375,0,0.0001,293.15,0
0.0007375,3.8333e-06,0.0001,293.15,0
0.00075,0,0.0001,293.15,0
0.00075,3.8333e-06,0.0001,293.15,0
0.0007625,0,0.0001,293.15,0
0.0007625,3.8333e-06,0.0001,293.15,0
0.000775,0,0.0001,293.15,0
0.000775,3.8333e-06,0.0001,293.15,0
0.0007875,0,0.0001,293.15,0
0.0007875,3.8333e-06,0.0001,293.15,0
0.0008,0,0.0001,293.15,0
0.0008,3.8333e-06,0.0001,293.15,0
0.0008125,0,0.0001,293.15,0
0.0008125,3.8333e-06,0.0001,293.15,0
0.000825,0,0.0001,293.15,0
0.000825,3.8333e-06,0.0001,293.15,0
0.0008375,0,0.0001,293.15,0
0.0008375,3.8333e-06,0.0001,293.15,0
0.00085,0,0.0001,293.15,0
0.00085,3.8333e-06,0.0001,293.15,0
0.0008625,0,0.0001,293.15,0
0.0008625,3.8333e-06,0.0001,293.15,0
0.000875,0,0.0001,293.15,0
0.000875,3.8333e-06,0.0001,293.15,0
0.0008875,0,0.0001,293.15,0
0.0008875,3.8333e-06,0.0001,293.15,0
0.0009,0,0.0001,293.15,0
0.0009,3.8333e-06,0.0001,293.15,0
0.0009125,0,0.0001,293.15,0
0.0009125,3.8333e-06,0.0001,293.15,0
0.000925,0,0.0001,293.15,0
0.000925,3.8333e-06,0.0001,293.15,0
0.0009375,0,0.0001,293.15,0
0.0009375,3.8333e-06,0.0001,293.15,0
0.00095,0,0.0001,293.15,0
0.00095,3.8333e-06,0.0001,293.15,0
0.0009625,0,0.0001,293.15,0
0.0009625,3.8333e-06,0.0001,293.15,0
0.000975,0,0.0001,293.15,0
0.000975,3.8333e-06,0.0001,293.15,0
0.0009875,0,0.0001,293.15,0
0.0009875,3.8333e-06,0.0001,293.15,0
0.001,0,0.0001,293.15,0
0.001,3.8333e-06,0.0001,293.15,0
1.25e-05,7.6667e-06,0.0001,293.66,0
0,7.6667e-06,0.0001,293.27,0
2.5e-05,7.6667e-06,0.0001,294.21,0
3.75e-05,7.6667e-06,0.0001,294.84,0
5e-05,7.6667e-06,0.0001,295.61,0
6.25e-05,7.6667e-06,0.0001,296.56,0
7.5e-05,7.6667e-06,0.0001,297.74,0
8.75e-05,7.6667e-06,0.0001,299.2,0
0.0001,7.6667e-06,0.0001,301.01,0
0.0001125,7.6667e-06,0.0001,303.21,0
0.000125,7.6667e-06,0.0001,305.87,0
0.0001375,7.6667e-06,0.0001,309.05,0
0.00015,7.6667e-06,0.0001,312.8,0
0.0001625,7.6667e-06,0.0001,317.16,0
0.000175,7.6667e-06,0.0001,322.2,0
0.0001875,7.6667e-06,0.0001,327.95,0
0.0002,7.6667e-06,0.0001,334.45,0
0.0002125,7.6667e-06,0.0001,341.75,0
0.000225,7.6667e-06,0.0001,349.88,0
0.0002375,7.6667e-06,0.0001,358.88,0
0.00025,7.6667e-06,0.0001,368.81,0
0.0002625,7.6667e-06,0.0001,379.73,0
0.000275,7.6667e-06,0.0001,391.69,0
0.0002875,7.6667e-06,0.0001,404.78,0
0.0003,7.6667e-06,0.0001,419.07,0
0.0003125,7.6667e-06,0.0001,434.64,0
0.000325,7.6667e-06,0.0001,451.58,0
0.0003375,7.6667e-06,0.0001,469.92,0
0.00035,7.6667e-06,0.0001,489.66,0
0.0003625,7.6667e-06,0.0001,510.73,0
0.000375,7.6667e-06,0.0001,532.9,0
0.0003875,7.6667e-06,0.0001,555.73,0
0.0004,7.6667e-06,0.0001,578.37,0
0.0004125,7.6667e-06,0.0001,599.37,0
0.000425,7.6667e-06,0.0001,616.48,0
0.0004375,7.6667e-06,0.0001,626.65,0
0.00045,7.6667e-06,0.0001,626.46,0
0.0004625,7.6667e-06,0.0001,613.06,0
0.000475,7.6667e-06,0.0001,585.38,0
0.0004875,7.6667e-06,0.0001,545.12,0
0.0005,7.6667e-06,0.0001,496.85,0
0.0005125,7.6667e-06,0.0001,446.92,0
0.000525,7.6667e-06,0.0001,401.44,0
0.0005375,7.6667e-06,0.0001,364.51,0
0.00055,7.6667e-06,0.0001,337.43,0
0.0005625,7.6667e-06,0.0001,319.26,0
0.000575,7.6667e-06,0.0001,307.92,0
0.0005875,7.6667e-06,0.0001,301.25,0
0.0006,7.6667e-06,0.0001,297.5,0
0.0006125,7.6667e-06,0.0001,295.45,0
0.000625,7.6667e-06,0.0001,294.35,0
0.0006375,7.6667e-06,0.0001,293.77,0
0.00065,7.6667e-06,0.0001,293.47,0
0.0006625,7.6667e-06,0.0001,293.31,0
0.000675,7.6667e-06,0.0001,293.23,0
0.0006875,7.6667e-06,0.0001,293.19,0
0.0007,7.6667e-06,0.0001,293.17,0
0.0007125,7.6667e-06,0.0001,293.16,0
0.000725,7.6667e-06,0.0001,293.16,0
0.0007375,7.6667e-06,0.0001,293.15,0
0.00075,7.6667e-06,0.0001,293.15,0
0.0007625,7.6667e-06,0.0001,293.15,0
0.000775,7.6667e-06,0.0001,293.15,0
0.0007875,7.6667e-06,0.0001,293.15,0
0.0008,7.6667e-06,0.0001,293.15,0
0.0008125,7.6667e-06,0.0001,293.15,0
0.000825,7.6667e-06,0.0001,293.15,0
0.0008375,7.6667e-06,0.0001,293.15,0
0.00085,7.6667e-06,0.0001,293.15,0
0.0008625,7.6667e-06,0.0001,293.15,0
0.000875,7.6667e-06,0.0001,293.15,0
0.0008875,7.6667e-06,0.0001,293.15,0
0.0009,7.6667e-06,0.0001,293.15,0
0.0009125,7.6667e-06,0.0001,293.15,0
0.000925,7.6667e-06,0.0001,293.15,0
0.0009375,7.6667e-06,0.0001,293.15,0
0.00095,7.6667e-06,0.0001,293.15,0
0.0009625,7.6667e-06,0.0001,293.15,0
0.000975,7.6667e-06,0.0001,293.15,0
0.0009875,7.6667e-06,0.0001,293.15,0
0.001,7.6667e-06,0.0001,293.15,0
1.25e-05,1.15e-05,0.0001,293.91,0
0,1.15e-05,0.0001,293.34,0
2.5e-05,1.15e-05,0.0001,294.73,0
3.75e-05,1.15e-05,0.0001,295.68,0
5e-05,1.15e-05,0.0001,296.83,0
6.25e-05,1.15e-05,0.0001,298.25,0
7.5e-05,1.15e-05,0.0001,300.01,0
8.75e-05,1.15e-05,0.0001,302.2,0
0.0001,1.15e-05,0.0001,304.89,0
0.0001125,1.15e-05,0.0001,308.18,0
0.000125,1.15e-05,0.0001,312.15,0
0.0001375,1.15e-05,0.0001,316.88,0
0.00015,1.15e-05,0.0001,322.45,0
0.0001625,1.15e-05,0.0001,328.94,0
0.000175,1.15e-05,0.0001,336.41,0
0.0001875,1.15e-05,0.0001,344.93,0
0.0002,1.15e-05,0.0001,354.54,0
0.0002125,1.15e-05,0.0001,365.3,0
0.000225,1.15e-05,0.0001,377.26,0
0.0002375,1.15e-05,0.0001,390.48,0
0.00025,1.15e-05,0.0001,405.02,0
0.0002625,1.15e-05,0.0001,420.95,0
0.000275,1.15e-05,0.0001,438.37,0
0.0002875,1.15e-05,0.0001,457.36,0
0.0003,1.15e-05,0.0001,478.04,0
0.0003125,1.15e-05,0.0001,500.51,0
0.000325,1.15e-05,0.0001,524.86,0
0.0003375,1.15e-05,0.0001,551.16,0
0.00035,1.15e-05,0.0001,579.4,0
0.0003625,1.15e-05,0.0001,609.48,0
0.000375,1.15e-05,0.0001,641.08,0
0.0003875,1.15e-05,0.0001,673.58,0
0.0004,1.15e-05,0.0001,705.82,0
0.0004125,1.15e-05,0.0001,735.77,0
0.000425,1.15e-05,0.0001,760.28,0
0.0004375,1.15e-05,0.0001,775.09,0
0.00045,1.15e-05,0.0001,775.41,0
0.0004625,1.15e-05,0.0001,757.16,0
0.000475,1.15e-05,0.0001,718.62,0
0.0004875,1.15e-05,0.0001,661.88,0
0.0005,1.15e-05,0.0001,593.04,0
0.0005125,1.15e-05,0.0001,520.97,0
0.000525,1.15e-05,0.0001,454.54,0
0.0005375,1.15e-05,0.0001,400.02,0
0.00055,1.15e-05,0.0001,359.7,0
0.0005625,1.15e-05,0.0001,332.47,0
0.000575,1.15e-05,0.0001,315.42,0
0.0005875,1.15e-05,0.0001,305.37,0
0.0006,1.15e-05,0.0001,299.7,0
0.0006125,1.15e-05,0.0001,296.6,0
0.000625,1.15e-05,0.0001,294.95,0
0.0006375,1.15e-05,0.0001,294.08,0
0.00065,1.15e-05,0.0001,293.63,0
0.0006625,1.15e-05,0.0001,293.39,0
0.000675,1.15e-05,0.0001,293.27,0
0.0006875,1.15e-05,0.0001,293.21,0
0.0007,1.15e-05,0.0001,293.18,0
0.0007125,1.15e-05,0.0001,293.17,0
0.000725,1.15e-05,0.0001,293.16,0
0.0007375,1.15e-05,0.0001,293.15,0
0.00075,1.15e-05,0.0001,293.15,0
0.0007625,1.15e-05,0.0001,293.15,0
0.000775,1.15e-05,0.0001,293.15,0
0.0007875,1.15e-05,0.0001,293.15,0
0.0008,1.15e-05,0.0001,293.15,0
0.0008125,1.15e-05,0.0001,293.15,0
0.000825,1.15e-05,0.0001,293.15,0
0.0008375,1.15e-05,0.0001,293.15,0
0.00085,1.15e-05,0.0001,293.15,0
0.0008625,1.15e-05,0.0001,293.15,0
0.000875,1.15e-05,0.0001,293.15,0
0.0008875,1.15e-05,0.0001,293.15,0
0.0009,1.15e-05,0.0001,293.15,0
0.0009125,1.15e-05,0.0001,293.15,0
0.000925,1.15e-05,0.0001,293.15,0
0.0009375,1.15e-05,0.0001,293.15,0
0.00095,1.15e-05,0.0001,293.15,0
0.0009625,1.15e-05,0.0001,293.15,0
0.000975,1.15e-05,0.0001,293.15,0
0.0009875,1.15e-05,0.0001,293.15,0
0.001,1.15e-05,0.0001,293.15,0
1.25e-05,1.5333e-05,0.0001,294.16,0
0,1.5333e-05,0.0001,293.4,0
2.5e-05,1.5333e-05,0.0001,295.25,0
3.75e-05,1.5333e-05,0.0001,296.52,0
5e-05,1.5333e-05,0.0001,298.04,0
6.25e-05,1.5333e-05,0.0001,299.92,0
7.5e-05,1.5333e-05,0.0001,302.26,0
8.75e-05,1.5333e-05,0.0001,305.16,0
0.0001,1.5333e-05,0.0001,308.74,0
0.0001125,1.5333e-05,0.0001,313.1,0
0.000125,1.5333e-05,0.0001,318.35,0
0.0001375,1.5333e-05,0.0001,324.61,0
0.00015,1.5333e-05,0.0001,331.97,0
0.0001625,1.5333e-05,0.0001,340.53,0
0.000175,1.5333e-05,0.0001,350.37,0
0.0001875,1.5333e-05,0.0001,361.57,0
0.0002,1.5333e-05,0.0001,374.19,0
0.0002125,1.5333e-05,0.0001,388.28,0
0.000225,1.5333e-05,0.0001,403.92,0
0.0002375,1.5333e-05,0.0001,421.16,0
0.00025,1.5333e-05,0.0001,440.07,0
0.0002625,1.5333e-05,0.0001,460.74,0
0.000275,1.5333e-05,0.0001,483.28,0
0.0002875,1.5333e-05,0.0001,507.79,0
0.0003,1.5333e-05,0.0001,534.41,0
0.0003125,1.5333e-05,0.0001,563.26,0
0.000325,1.5333e-05,0.0001,594.47,0
0.0003375,1.5333e-05,0.0001,628.11,0
0.00035,1.5333e-05,0.0001,664.2,0
0.0003625,1.5333e-05,0.0001,702.6,0
0.000375,1.5333e-05,0.0001,742.98,0
0.0003875,1.5333e-05,0.0001,784.59,0
0.0004,1.5333e-05,0.0001,826.03,0
0.0004125,1.5333e-05,0.0001,864.79,0
0.000425,1.5333e-05,0.0001,896.92,0
0.0004375,1.5333e-05,0.0001,917.01,0
0.00045,1.5333e-05,0.0001,918.92,0
0.0004625,1.5333e-05,0.0001,897.26,0
0.000475,1.5333e-05,0.0001,849.53,0
0.0004875,1.5333e-05,0.0001,777.91,0
0.0005,1.5333e-05,0.0001,689.77,0
0.0005125,1.5333e-05,0.0001,596.25,0
0.000525,1.5333e-05,0.0001,509.03,0
0.0005375,1.5333e-05,0.0001,436.69,0
0.00055,1.5333e-05,0.0001,382.75,0
0.0005625,1.5333e-05,0.0001,346.13,0
0.000575,1.5333e-05,0.0001,323.14,0
0.0005875,1.5333e-05,0.0001,309.58,0
0.0006,1.5333e-05,0.0001,301.95,0
0.0006125,1.5333e-05,0.0001,297.78,0
0.000625,1.5333e-05,0.0001,295.56,0
0.0006375,1.5333e-05,0.0001,294.39,0
0.00065,1.5333e-05,0.0001,293.79,0
0.0006625,1.5333e-05,0.0001,293.48,0
0.000675,1.5333e-05,0.0001,293.31,0
0.0006875,1.5333e-05,0.0001,293.23,0
0.0007,1.5333e-05,0.0001,293.19,0
0.0007125,1.5333e-05,0.0001,293.17,0
0.000725,1.5333e-05,0.0001,293.16,0
0.0007375,1.5333e-05,0.0001,293.16,0
0.00075,1.5333e-05,0.0001,293.15,0
0.0007625,1.5333e-05,0.0001,293.15,0
0.000775,1.5333e-05,0.0001,293.15,0
0.0007875,1.5333e-05,0.0001,293.15,0
0.0008,1.5333e-05,0.0001,293.15,0
0.0008125,1.5333e-05,0.0001,293.15,0
0.000825,1.5333e-05,0.0001,293.15,0
0.0008375,1.5333e-05,0.0001,293.15,0
0.00085,1.5333e-05,0.0001,293.15,0
0.0008625,1.5333e-05,0.0001,293.15,0
0.000875,1.5333e-05,0.0001,293.15,0
0.0008875,1.5333e-05,0.0001,293.15,0
0.0009,1.5333e-05,0.0001,293.15,0
0.0009125,1.5333e-05,0.0001,293.15,0
0.000925,1.5333e-05,0.0001,293.15,0
0.0009375,1.5333e-05,0.0001,293.15,0
0.00095,1.5333e-05,0.0001,293.15,0
0.0009625,1.5333e-05,0.0001,293.15,0
0.000975,1.5333e-05,0.0001,293.15,0
0.0009875,1.5333e-05,0.0001,293.15,0
0.001,1.5333e-05,0.0001,293.15,0
1.25e-05,1.9167e-05,0.0001,294.41,0
0,1.9167e-05,0.0001,293.46,0
2.5e-05,1.9167e-05,0.0001,295.77,0
3.75e-05,1.9167e-05,0.0001,297.34,0
5e-05,1.9167e-05,0.0001,299.24,0
6.25e-05,1.9167e-05,0.0001,301.58,0
7.5e-05,1.9167e-05,0.0001,304.48,0
8.75e-05,1.9167e-05,0.0001,308.09,0
0.0001,1.9167e-05,0.0001,312.53,0
0.0001125,1.9167e-05,0.0001,317.94,0
0.000125,1.9167e-05,0.0001,324.45,0
0.0001375,1.9167e-05,0.0001,332.21,0
0.00015,1.9167e-05,0.0001,341.32,0
0.0001625,1.9167e-05,0.0001,351.9,0
0.000175,1.9167e-05,0.0001,364.04,0
0.0001875,1.9167e-05,0.0001,377.84,0
0.0002,1.9167e-05,0.0001,393.35,0
0.0002125,1.9167e-05,0.0001,410.66,0
0.000225,1.9167e-05,0.0001,429.81,0
0.0002375,1.9167e-05,0.0001,450.87,0
0.00025,1.9167e-05,0.0001,473.93,0
0.0002625,1.9167e-05,0.0001,499.08,0
0.000275,1.9167e-05,0.0001,526.43,0
0.0002875,1.9167e-05,0.0001,556.12,0
0.0003,1.9167e-05,0.0001,588.29,0
0.0003125,1.9167e-05,0.0001,623.1,0
0.000325,1.9167e-05,0.0001,660.69,0
0.0003375,1.9167e-05,0.0001,701.18,0
0.00035,1.9167e-05,0.0001,744.6,0
0.0003625,1.9167e-05,0.0001,790.85,0
0.000375,1.9167e-05,0.0001,839.61,0
0.0003875,1.9167e-05,0.0001,890.08,0
0.0004,1.9167e-05,0.0001,940.67,0
0.0004125,1.9167e-05,0.0001,988.48,0
0.000425,1.9167e-05,0.0001,1028.8,0
0.0004375,1.9167e-05,0.0001,1055.1,0
0.00045,1.9167e-05,0.0001,1059.9,0
0.0004625,1.9167e-05,0.0001,1036.3,0
0.000475,1.9167e-05,0.0001,980.84,0
0.0004875,1.9167e-05,0.0001,895.6,0
0.0005,1.9167e-05,0.0001,788.96,0
0.0005125,1.9167e-05,0.0001,674.24,0
0.000525,1.9167e-05,0.0001,565.92,0
0.0005375,1.9167e-05,0.0001,475.15,0
0.00055,1.9167e-05,0.0001,406.96,0
0.0005625,1.9167e-05,0.0001,360.45,0
0.000575,1.9167e-05,0.0001,331.19,0
0.0005875,1.9167e-05,0.0001,313.95,0
0.0006,1.9167e-05,0.0001,304.25,0
0.0006125,1.9167e-05,0.0001,298.98,0
0.000625,1.9167e-05,0.0001,296.18,0
0.0006375,1.9167e-05,0.0001,294.71,0
0.00065,1.9167e-05,0.0001,293.95,0
0.0006625,1.9167e-05,0.0001,293.56,0
0.000675,1.9167e-05,0.0001,293.36,0
0.0006875,1.9167e-05,0.0001,293.25,0
0.0007,1.9167e-05,0.0001,293.2,0
0.0007125,1.9167e-05,0.0001,293.18,0
0.000725,1.9167e-05,0.0001,293.16,0
0.0007375,1.9167e-05,0.0001,293.16,0
0.00075,1.9167e-05,0.0001,293.15,0
0.0007625,1.9167e-05,0.0001,293.15,0
0.000775,1.9167e-05,0.0001,293.15,0
0.0007875,1.9167e-05,0.0001,293.15,0
0.0008,1.9167e-05,0.0001,293.15,0
0.0008125,1.9167e-05,0.0001,293.15,0
0.000825,1.9167e-05,0.0001,293.15,0
0.0008375,1.9167e-05,0.0001,293.15,0
0.00085,1.9167e-05,0.0001,293.15,0
0.0008625,1.9167e-05,0.0001,293.15,0
0.000875,1.9167e-05,0.0001,293.15,0
0.0008875,1.9167e-05,0.0001,293.15,0
0.0009,1.9167e-05,0.0001,293.15,0
0.0009125,1.9167e-05,0.0001,293.15,0
0.000925,1.9167e-05,0.0001,293.15,0
0.0009375,1.9167e-05,0.0001,293.15,0
0.00095,1.9167e-05,0.0001,293.15,0
0.0009625,1.9167e-05,0.0001,293.15,0
0.000975,1.9167e-05,0.0001,293.15,0
0.0009875,1.9167e-05,0.0001,293.15,0
0.001,1.9167e-05,0.0001,293.15,0
1.25e-05,2.3e-05,0.0001,294.65,0
0,2.3e-05,0.0001,293.52,0
2.5e-05,2.3e-05,0.0001,296.27,0
3.75e-05,2.3e-05,0.0001,298.15,0
5e-05,2.3e-05,0.0001,300.41,0
6.25e-05,2.3e-05,0.0001,303.21,0
7.5e-05,2.3e-05,0.0001,306.67,0
8.75e-05,2.3e-05,0.0001,310.97,0
0.0001,2.3e-05,0.0001,316.26,0
0.0001125,2.3e-05,0.0001,322.7,0
0.000125,2.3e-05,0.0001,330.45,0
0.0001375,2.3e-05,0.0001,339.66,0
0.00015,2.3e-05,0.0001,350.48,0
0.0001625,2.3e-05,0.0001,363.02,0
0.000175,2.3e-05,0.0001,377.4,0
0.0001875,2.3e-05,0.0001,393.7,0
0.0002,2.3e-05,0.0001,412.01,0
0.0002125,2.3e-05,0.0001,432.38,0
0.000225,2.3e-05,0.0001,454.89,0
0.0002375,2.3e-05,0.0001,479.6,0
0.00025,2.3e-05,0.0001,506.59,0
0.0002625,2.3e-05,0.0001,535.97,0
0.000275,2.3e-05,0.0001,567.85,0
0.0002875,2.3e-05,0.0001,602.39,0
0.0003,2.3e-05,0.0001,639.77,0
0.0003125,2.3e-05,0.0001,680.16,0
0.000325,2.3e-05,0.0001,723.75,0
0.0003375,2.3e-05,0.0001,770.68,0
0.00035,2.3e-05,0.0001,821.05,0
0.0003625,2.3e-05,0.0001,874.83,0
0.000375,2.3e-05,0.0001,931.74,0
0.0003875,2.3e-05,0.0001,991.01,0
0.0004,2.3e-05,0.0001,1051,0
0.0004125,2.3e-05,0.0001,1108.3,0
0.000425,2.3e-05,0.0001,1157.7,0
0.0004375,2.3e-05,0.0001,1191.4,0
0.00045,2.3e-05,0.0001,1200.4,0
0.0004625,2.3e-05,0.0001,1176.3,0
0.000475,2.3e-05,0.0001,1114.5,0
0.0004875,2.3e-05,0.0001,1016.7,0
0.0005,2.3e-05,0.0001,892.06,0
0.0005125,2.3e-05,0.0001,756.06,0
0.000525,2.3e-05,0.0001,626.03,0
0.0005375,2.3e-05,0.0001,515.96,0
0.00055,2.3e-05,0.0001,432.65,0
0.0005625,2.3e-05,0.0001,375.58,0
0.000575,2.3e-05,0.0001,339.65,0
0.0005875,2.3e-05,0.0001,318.49,0
0.0006,2.3e-05,0.0001,306.64,0
0.0006125,2.3e-05,0.0001,300.21,0
0.000625,2.3e-05,0.0001,296.81,0
0.0006375,2.3e-05,0.0001,295.03,0
0.00065,2.3e-05,0.0001,294.11,0
0.0006625,2.3e-05,0.0001,293.64,0
0.000675,2.3e-05,0.0001,293.4,0
0.0006875,2.3e-05,0.0001,293.27,0
0.0007,2.3e-05,0.0001,293.21,0
0.0007125,2.3e-05,0.0001,293.18,0
0.000725,2.3e-05,0.0001,293.17,0
0.0007375,2.3e-05,0.0001,293.16,0
0.00075,2.3e-05,0.0001,293.15,0
0.0007625,2.3e-05,0.0001,293.15,0
0.000775,2.3e-05,0.0001,293.15,0
0.0007875,2.3e-05,0.0001,293.15,0
0.0008,2.3e-05,0.0001,293.15,0
0.0008125,2.3e-05,0.0001,293.15,0
0.000825,2.3e-05,0.0001,293.15,0
0.0008375,2.3e-05,0.0001,293.15,0
0.00085,2.3e-05,0.0001,293.15,0
0.0008625,2.3e-05,0.0001,293.15,0
0.000875,2.3e-05,0.0001,293.15,0
0.0008875,2.3e-05,0.0001,293.15,0
0.0009,2.3e-05,0.0001,293.15,0
0.0009125,2.3e-05,0.0001,293.15,0
0.000925,2.3e-05,0.0001,293.15,0
0.0009375,2.3e-05,0.0001,293.15,0
0.00095,2.3e-05,0.0001,293.15,0
0.0009625,2.3e-05,0.0001,293.15,0
0.000975,2.3e-05,0.0001,293.15,0
0.0009875,2.3e-05,0.0001,293.15,0
0.001,2.3e-05,0.0001,293.15,0
1.25e-05,2.6833e-05,0.0001,294.89,0
0,2.6833e-05,0.0001,293.58,0
2.5e-05,2.6833e-05,0.0001,296.77,0
3.75e-05,2.6833e-05,0.0001,298.95,0
5e-05,2.6833e-05,0.0001,301.57,0
6.25e-05,2.6833e-05,0.0001,304.81,0
7.5e-05,2.6833e-05,0.0001,308.82,0
8.75e-05,2.6833e-05,0.0001,313.8,0
0.0001,2.6833e-05,0.0001,319.92,0
0.0001125,2.6833e-05,0.0001,327.36,0
0.000125,2.6833e-05,0.0001,336.32,0
0.0001375,2.6833e-05,0.0001,346.95,0
0.00015,2.6833e-05,0.0001,359.42,0
0.0001625,2.6833e-05,0.0001,373.87,0
0.000175,2.6833e-05,0.0001,390.41,0
0.0001875,2.6833e-05,0.0001,409.13,0
0.0002,2.6833e-05,0.0001,430.11,0
0.0002125,2.6833e-05,0.0001,453.43,0
0.000225,2.6833e-05,0.0001,479.14,0
0.0002375,2.6833e-05,0.0001,507.31,0
0.00025,2.6833e-05,0.0001,538.02,0
0.0002625,2.6833e-05,0.0001,571.39,0
0.000275,2.6833e-05,0.0001,607.55,0
0.0002875,2.6833e-05,0.0001,646.66,0
0.0003,2.6833e-05,0.0001,688.93,0
0.0003125,2.6833e-05,0.0001,734.57,0
0.000325,2.6833e-05,0.0001,783.81,0
0.0003375,2.6833e-05,0.0001,836.86,0
0.00035,2.6833e-05,0.0001,893.9,0
0.0003625,2.6833e-05,0.0001,954.98,0
0.000375,2.6833e-05,0.0001,1020,0
0.0003875,2.6833e-05,0.0001,1088.1,0
0.0004,2.6833e-05,0.0001,1157.8,0
0.0004125,2.6833e-05,0.0001,1225.4,0
0.000425,2.6833e-05,0.0001,1284.9,0
0.0004375,2.6833e-05,0.0001,1327.3,0
0.00045,2.6833e-05,0.0001,1341.9,0
0.0004625,2.6833e-05,0.0001,1318.7,0
0.000475,2.6833e-05,0.0001,1251.8,0
0.0004875,2.6833e-05,0.0001,1142.3,0
0.0005,2.6833e-05,0.0001,1000.1,0
0.0005125,2.6833e-05,0.0001,842.57,0
0.000525,2.6833e-05,0.0001,690.05,0
0.0005375,2.6833e-05,0.0001,559.59,0
0.00055,2.6833e-05,0.0001,460.12,0
0.0005625,2.6833e-05,0.0001,391.71,0
0.000575,2.6833e-05,0.0001,348.6,0
0.0005875,2.6833e-05,0.0001,323.26,0
0.0006,2.6833e-05,0.0001,309.11,0
0.0006125,2.6833e-05,0.0001,301.47,0
0.000625,2.6833e-05,0.0001,297.45,0
0.0006375,2.6833e-05,0.0001,295.35,0
0.00065,2.6833e-05,0.0001,294.27,0
0.0006625,2.6833e-05,0.0001,293.72,0
0.000675,2.6833e-05,0.0001,293.44,0
0.0006875,2.6833e-05,0.0001,293.29,0
0.0007,2.6833e-05,0.0001,293.22,0
0.0007125,2.6833e-05,0.0001,293.19,0
0.000725,2.6833e-05,0.0001,293.17,0
0.0007375,2.6833e-05,0.0001,293.16,0
0.00075,2.6833e-05,0.0001,293.15,0
0.0007625,2.6833e-05,0.0001,293.15,0
0.000775,2.6833e-05,0.0001,293.15,0
0.0007875,2.6833e-05,0.0001,293.15,0
0.0008,2.6833e-05,0.0001,293.15,0
0.0008125,2.6833e-05,0.0001,293.15,0
0.000825,2.6833e-05,0.0001,293.15,0
0.0008375,2.6833e-05,0.0001,293.15,0
0.00085,2.6833e-05,0.0001,293.15,0
0.0008625,2.6833e-05,0.0001,293.15,0
0.000875,2.6833e-05,0.0001,293.15,0
0.0008875,2.6833e-05,0.0001,293.15,0
0.0009,2.6833e-05,0.0001,293.15,0
0.0009125,2.6833e-05,0.0001,293.15,0
0.000925,2.6833e-05,0.0001,293.15,0
0.0009375,2.6833e-05,0.0001,293.15,0
0.00095,2.6833e-05,0.0001,293.15,0
0.0009625,2.6833e-05,0.0001,293.15,0
0.000975,2.6833e-05,0.0001,293.15,0
0.0009875,2.6833e-05,0.0001,293.15,0
0.001,2.6833e-05,0.0001,293.15,0
1.25e-05,3.0667e-05,0.0001,295.12,0
0,3.0667e-05,0.0001,293.63,0
2.5e-05,3.0667e-05,0.0001,297.26,0
3.75e-05,3.0667e-05,0.0001,299.73,0
5e-05,3.0667e-05,0.0001,302.71,0
6.25e-05,3.0667e-05,0.0001,306.37,0
7.5e-05,3.0667e-05,0.0001,310.93,0
8.75e-05,3.0667e-05,0.0001,316.57,0
0.0001,3.0667e-05,0.0001,323.49,0
0.0001125,3.0667e-05,0.0001,331.92,0
0.000125,3.0667e-05,0.0001,342.05,0
0.0001375,3.0667e-05,0.0001,354.06,0
0.00015,3.0667e-05,0.0001,368.14,0
0.0001625,3.0667e-05,0.0001,384.43,0
0.000175,3.0667e-05,0.0001,403.04,0
0.0001875,3.0667e-05,0.0001,424.09,0
0.0002,3.0667e-05,0.0001,447.64,0
0.0002125,3.0667e-05,0.0001,473.77,0
0.000225,3.0667e-05,0.0001,502.53,0
0.0002375,3.0667e-05,0.0001,533.98,0
0.00025,3.0667e-05,0.0001,568.22,0
0.0002625,3.0667e-05,0.0001,605.36,0
0.000275,3.0667e-05,0.0001,645.54,0
0.0002875,3.0667e-05,0.0001,688.96,0
0.0003,3.0667e-05,0.0001,735.83,0
0.0003125,3.0667e-05,0.0001,786.43,0
0.000325,3.0667e-05,0.0001,841.04,0
0.0003375,3.0667e-05,0.0001,899.94,0
0.00035,3.0667e-05,0.0001,963.41,0
0.0003625,3.0667e-05,0.0001,1031.7,0
0.000375,3.0667e-05,0.0001,1104.7,0
0.0003875,3.0667e-05,0.0001,1182,0
0.0004,3.0667e-05,0.0001,1261.9,0
0.0004125,3.0667e-05,0.0001,1340.7,0
0.000425,3.0667e-05,0.0001,1411.4,0
0.0004375,3.0667e-05,0.0001,1463.8,0
0.00045,3.0667e-05,0.0001,1485.5,0
0.0004625,3.0667e-05,0.0001,1464.6,0
0.000475,3.0667e-05,0.0001,1393.8,0
0.0004875,3.0667e-05,0.0001,1273.4,0
0.0005,3.0667e-05,0.0001,1113.8,0
0.0005125,3.0667e-05,0.0001,934.41,0
0.000525,3.0667e-05,0.0001,758.48,0
0.0005375,3.0667e-05,0.0001,606.43,0
0.00055,3.0667e-05,0.0001,489.63,0
0.0005625,3.0667e-05,0.0001,408.96,0
0.000575,3.0667e-05,0.0001,358.1,0
0.0005875,3.0667e-05,0.0001,328.26,0
0.0006,3.0667e-05,0.0001,311.67,0
0.0006125,3.0667e-05,0.0001,302.77,0
0.000625,3.0667e-05,0.0001,298.1,0
0.0006375,3.0667e-05,0.0001,295.68,0
0.00065,3.0667e-05,0.0001,294.44,0
0.0006625,3.0667e-05,0.0001,293.8,0
0.000675,3.0667e-05,0.0001,293.48,0
0.0006875,3.0667e-05,0.0001,293.31,0
0.0007,3.0667e-05,0.0001,293.23,0
0.0007125,3.0667e-05,0.0001,293.19,0
0.000725,3.0667e-05,0.0001,293.17,0
0.0007375,3.0667e-05,0.0001,293.16,0
0.00075,3.0667e-05,0.0001,293.15,0
0.0007625,3.0667e-05,0.0001,293.15,0
0.000775,3.0667e-05,0.0001,293.15,0
0.0007875,3.0667e-05,0.0001,293.15,0
0.0008,3.0667e-05,0.0001,293.15,0
0.0008125,3.0667e-05,0.0001,293.15,0
0.000825,3.0667e-05,0.0001,293.15,0
0.0008375,3.0667e-05,0.0001,293.15,0
0.00085,3.0667e-05,0.0001,293.15,0
0.0008625,3.0667e-05,0.0001,293.15,0
0.000875,3.0667e-05,0.0001,293.15,0
0.0008875,3.0667e-05,0.0001,293.15,0
0.0009,3.0667e-05,0.0001,293.15,0
0.0009125,3.0667e-05,0.0001,293.15,0
0.000925,3.0667e-05,0.0001,293.15,0
0.0009375,3.0667e-05,0.0001,293.15,0
0.00095,3.0667e-05,0.0001,293.15,0
0.0009625,3.0667e-05,0.0001,293.15,0
0.000975,3.0667e-05,0.0001,293.15,0
0.0009875,3.0667e-05,0.0001,293.15,0
0.001,3.0667e-05,0.0001,293.15,0
1.25e-05,3.45e-05,0.0001,295.35,0
0,3.45e-05,0.0001,293.69,0
2.5e-05,3.45e-05,0.0001,297.74,0
3.75e-05,3.45e-05,0.0001,300.49,0
5e-05,3.45e-05,0.0001,303.81,0
6.25e-05,3.45e-05,0.0001,307.9,0
7.5e-05,3.45e-05,0.0001,312.98,0
8.75e-05,3.45e-05,0.0001,319.26,0
0.0001,3.45e-05,0.0001,326.98,0
0.0001125,3.45e-05,0.0001,336.36,0
0.000125,3.45e-05,0.0001,347.63,0
0.0001375,3.45e-05,0.0001,360.98,0
0.00015,3.45e-05,0.0001,376.61,0
0.0001625,3.45e-05,0.0001,394.66,0
0.000175,3.45e-05,0.0001,415.28,0
0.0001875,3.45e-05,0.0001,438.56,0
0.0002,3.45e-05,0.0001,464.57,0
0.0002125,3.45e-05,0.0001,493.37,0
0.000225,3.45e-05,0.0001,525.02,0
0.0002375,3.45e-05,0.0001,559.59,0
0.00025,3.45e-05,0.0001,597.16,0
0.0002625,3.45e-05,0.0001,637.85,0
0.000275,3.45e-05,0.0001,681.83,0
0.0002875,3.45e-05,0.0001,729.3,0
0.0003,3.45e-05,0.0001,780.53,0
0.0003125,3.45e-05,0.0001,835.83,0
0.000325,3.45e-05,0.0001,895.55,0
0.0003375,3.45e-05,0.0001,960.07,0
0.00035,3.45e-05,0.0001,1029.8,0
0.0003625,3.45e-05,0.0001,1105.2,0
0.000375,3.45e-05,0.0001,1186.4,0
0.0003875,3.45e-05,0.0001,1273.1,0
0.0004,3.45e-05,0.0001,1363.8,0
0.0004125,3.45e-05,0.0001,1454.6,0
0.000425,3.45e-05,0.0001,1537.7,0
0.0004375,3.45e-05,0.0001,1601.6,0
0.00045,3.45e-05,0.0001,1631.9,0
0.0004625,3.45e-05,0.0001,1614.7,0
0.000475,3.45e-05,0.0001,1540.9,0
0.0004875,3.45e-05,0.0001,1410.3,0
0.0005,3.45e-05,0.0001,1233.7,0
0.0005125,3.45e-05,0.0001,1032,0
0.000525,3.45e-05,0.0001,831.69,0
0.0005375,3.45e-05,0.0001,656.77,0
0.00055,3.45e-05,0.0001,521.37,0
0.0005625,3.45e-05,0.0001,427.46,0
0.000575,3.45e-05,0.0001,368.21,0
0.0005875,3.45e-05,0.0001,333.54,0
0.0006,3.45e-05,0.0001,314.35,0
0.0006125,3.45e-05,0.0001,304.11,0
0.000625,3.45e-05,0.0001,298.77,0
0.0006375,3.45e-05,0.0001,296.01,0
0.00065,3.45e-05,0.0001,294.6,0
0.0006625,3.45e-05,0.0001,293.88,0
0.000675,3.45e-05,0.0001,293.52,0
0.0006875,3.45e-05,0.0001,293.34,0
0.0007,3.45e-05,0.0001,293.24,0
0.0007125,3.45e-05,0.0001,293.2,0
0.000725,3.45e-05,0.0001,293.17,0
0.0007375,3.45e-05,0.0001,293.16,0
0.00075,3.45e-05,0.0001,293.16,0
0.0007625,3.45e-05,0.0001,293.15,0
0.000775,3.45e-05,0.0001,293.15,0
0.0007875,3.45e-05,0.0001,293.15,0
0.0008,3.45e-05,0.0001,293.15,0
0.0008125,3.45e-05,0.0001,293.15,0
0.000825,3.45e-05,0.0001,293.15,0
0.0008375,3.45e-05,0.0001,293.15,0
0.00085,3.45e-05,0.0001,293.15,0
0.0008625,3.45e-05,0.0001,293.15,0
0.000875,3.45e-05,0.0001,293.15,0
0.0008875,3.45e-05,0.0001,293.15,0
0.0009,3.45e-05,0.0001,293.15,0
0.0009125,3.45e-05,0.0001,293.15,0
0.000925,3.45e-05,0.0001,293.15,0
0.0009375,3.45e-05,0.0001,293.15,0
0.00095,3.45e-05,0.0001,293.15,0
0.0009625,3.45e-05,0.0001,293.15,0
0.000975,3.45e-05,0.0001,293.15,0
0.0009875,3.45e-05,0.0001,293.15,0
0.001,3.45e-05,0.0001,293.15,0
1.25e-05,3.8333e-05,0.0001,295.58,0
0,3.8333e-05,0.0001,293.74,0
2.5e-05,3.8333e-05,0.0001,298.2,0
3.75e-05,3.8333e-05,0.0001,301.23,0
5e-05,3.8333e-05,0.0001,304.89,0
6.25e-05,3.8333e-05,0.0001,309.39,0
7.5e-05,3.8333e-05,0.0001,314.98,0
8.75e-05,3.8333e-05,0.0001,321.89,0
0.0001,3.8333e-05,0.0001,330.37,0
0.0001125,3.8333e-05,0.0001,340.67,0
0.000125,3.8333e-05,0.0001,353.04,0
0.0001375,3.8333e-05,0.0001,367.68,0
0.00015,3.8333e-05,0.0001,384.8,0
0.0001625,3.8333e-05,0.0001,404.56,0
0.000175,3.8333e-05,0.0001,427.1,0
0.0001875,3.8333e-05,0.0001,452.51,0
0.0002,3.8333e-05,0.0001,480.86,0
0.0002125,3.8333e-05,0.0001,512.2,0
0.000225,3.8333e-05,0.0001,546.6,0
0.0002375,3.8333e-05,0.0001,584.12,0
0.00025,3.8333e-05,0.0001,624.83,0
0.0002625,3.8333e-05,0.0001,668.88,0
0.000275,3.8333e-05,0.0001,716.43,0
0.0002875,3.8333e-05,0.0001,767.73,0
0.0003,3.8333e-05,0.0001,823.07,0
0.0003125,3.8333e-05,0.0001,882.83,0
0.000325,3.8333e-05,0.0001,947.44,0
0.0003375,3.8333e-05,0.0001,1017.4,0
0.00035,3.8333e-05,0.0001,1093.3,0
0.0003625,3.8333e-05,0.0001,1175.7,0
0.000375,3.8333e-05,0.0001,1265.1,0
0.0003875,3.8333e-05,0.0001,1361.7,0
0.0004,3.8333e-05,0.0001,1463.9,0
0.0004125,3.8333e-05,0.0001,1567.7,0
0.000425,3.8333e-05,0.0001,1664.5,0
0.0004375,3.8333e-05,0.0001,1741.3,0
0.00045,3.8333e-05,0.0001,1781.5,0
0.0004625,3.8333e-05,0.0001,1769.2,0
0.000475,3.8333e-05,0.0001,1693.5,0
0.0004875,3.8333e-05,0.0001,1553.3,0
0.0005,3.8333e-05,0.0001,1359.8,0
0.0005125,3.8333e-05,0.0001,1135.4,0
0.000525,3.8333e-05,0.0001,909.86,0
0.0005375,3.8333e-05,0.0001,710.8,0
0.00055,3.8333e-05,0.0001,555.49,0
0.0005625,3.8333e-05,0.0001,447.29,0
0.000575,3.8333e-05,0.0001,378.98,0
0.0005875,3.8333e-05,0.0001,339.11,0
0.0006,3.8333e-05,0.0001,317.14,0
0.0006125,3.8333e-05,0.0001,305.49,0
0.000625,3.8333e-05,0.0001,299.44,0
0.0006375,3.8333e-05,0.0001,296.35,0
0.00065,3.8333e-05,0.0001,294.77,0
0.0006625,3.8333e-05,0.0001,293.97,0
0.000675,3.8333e-05,0.0001,293.56,0
0.0006875,3.8333e-05,0.0001,293.36,0
0.0007,3.8333e-05,0.0001,293.25,0
0.0007125,3.8333e-05,0.0001,293.2,0
0.000725,3.8333e-05,0.0001,293.18,0
0.0007375,3.8333e-05,0.0001,293.16,0
0.00075,3.8333e-05,0.0001,293.16,0
0.0007625,3.8333e-05,0.0001,293.15,0
0.000775,3.8333e-05,0.0001,293.15,0
0.0007875,3.8333e-05,0.0001,293.15,0
0.0008,3.8333e-05,0.0001,293.15,0
0.0008125,3.8333e-05,0.0001,293.15,0
0.000825,3.8333e-05,0.0001,293.15,0
0.0008375,3.8333e-05,0.0001,293.15,0
0.00085,3.8333e-05,0.0001,293.15,0
0.0008625,3.8333e-05,0.0001,293.15,0
0.000875,3.8333e-05,0.0001,293.15,0
0.0008875,3.8333e-05,0.0001,293.15,0
0.0009,3.8333e-05,0.0001,293.15,0
0.0009125,3.8333e-05,0.0001,293.15,0
0.000925,3.8333e-05,0.0001,293.15,0
0.0009375,3.8333e-05,0.0001,293.15,0
0.00095,3.8333e-05,0.0001,293.15,0
0.0009625,3.8333e-05,0.0001,293.15,0
0.000975,3.8333e-05,0.0001,293.15,0
0.0009875,3.8333e-05,0.0001,293.15,0
0.001,3.8333e-05,0.0001,293.15,0
1.25e-05,4.2167e-05,0.0001,295.79,0
0,4.2167e-05,0.0001,293.8,0
2.5e-05,4.2167e-05,0.0001,298.65,0
3.75e-05,4.2167e-05,0.0001,301.96,0
5e-05,4.2167e-05,0.0001,305.94,0
6.25e-05,4.2167e-05,0.0001,310.84,0
7.5e-05,4.2167e-05,0.0001,316.91,0
8.75e-05,4.2167e-05,0.0001,324.43,0
0.0001,4.2167e-05,0.0001,333.65,0
0.0001125,4.2167e-05,0.0001,344.85,0
0.000125,4.2167e-05,0.0001,358.27,0
0.0001375,4.2167e-05,0.0001,374.16,0
0.00015,4.2167e-05,0.0001,392.71,0
0.0001625,4.2167e-05,0.0001,414.11,0
0.000175,4.2167e-05,0.0001,438.47,0
0.0001875,4.2167e-05,0.0001,465.91,0
0.0002,4.2167e-05,0.0001,496.49,0
0.0002125,4.2167e-05,0.0001,530.25,0
0.000225,4.2167e-05,0.0001,567.25,0
0.0002375,4.2167e-05,0.0001,607.54,0
0.00025,4.2167e-05,0.0001,651.22,0
0.0002625,4.2167e-05,0.0001,698.43,0
0.000275,4.2167e-05,0.0001,749.35,0
0.0002875,4.2167e-05,0.0001,804.26,0
0.0003,4.2167e-05,0.0001,863.49,0
0.0003125,4.2167e-05,0.0001,927.49,0
0.000325,4.2167e-05,0.0001,996.78,0
0.0003375,4.2167e-05,0.0001,1072,0
0.00035,4.2167e-05,0.0001,1153.9,0
0.0003625,4.2167e-05,0.0001,1243.4,0
0.000375,4.2167e-05,0.0001,1341.3,0
0.0003875,4.2167e-05,0.0001,1448,0
0.0004,4.2167e-05,0.0001,1562.4,0
0.0004125,4.2167e-05,0.0001,1680.2,0
0.000425,4.2167e-05,0.0001,1792,0
0.0004375,4.2167e-05,0.0001,1883.1,0
0.00045,4.2167e-05,0.0001,1934.5,0
0.0004625,4.2167e-05,0.0001,1928.1,0
0.000475,4.2167e-05,0.0001,1851.4,0
0.0004875,4.2167e-05,0.0001,1702.3,0
0.0005,4.2167e-05,0.0001,1491.9,0
0.0005125,4.2167e-05,0.0001,1244.7,0
0.000525,4.2167e-05,0.0001,993,0
0.0005375,4.2167e-05,0.0001,768.57,0
0.00055,4.2167e-05,0.0001,592.06,0
0.0005625,4.2167e-05,0.0001,468.52,0
0.000575,4.2167e-05,0.0001,390.43,0
0.0005875,4.2167e-05,0.0001,344.97,0
0.0006,4.2167e-05,0.0001,320.05,0
0.0006125,4.2167e-05,0.0001,306.91,0
0.000625,4.2167e-05,0.0001,300.14,0
0.0006375,4.2167e-05,0.0001,296.68,0
0.00065,4.2167e-05,0.0001,294.93,0
0.0006625,4.2167e-05,0.0001,294.05,0
0.000675,4.2167e-05,0.0001,293.6,0
0.0006875,4.2167e-05,0.0001,293.37,0
0.0007,4.2167e-05,0.0001,293.26,0
0.0007125,4.2167e-05,0.0001,293.21,0
0.000725,4.2167e-05,0.0001,293.18,0
0.0007375,4.2167e-05,0.0001,293.16,0
0.00075,4.2167e-05,0.0001,293.16,0
0.0007625,4.2167e-05,0.0001,293.15,0
0.000775,4.2167e-05,0.0001,293.15,0
0.0007875,4.2167e-05,0.0001,293.15,0
0.0008,4.2167e-05,0.0001,293.15,0
0.0008125,4.2167e-05,0.0001,293.15,0
0.000825,4.2167e-05,0.0001,293.15,0
0.0008375,4.2167e-05,0.0001,293.15,0
0.00085,4.2167e-05,0.0001,293.15,0
0.0008625,4.2167e-05,0.0001,293.15,0
0.000875,4.2167e-05,0.0001,293.15,0
0.0008875,4.2167e-05,0.0001,293.15,0
0.0009,4.2167e-05,0.0001,293.15,0
0.0009125,4.2167e-05,0.0001,293.15,0
0.000925,4.2167e-05,0.0001,293.15,0
0.0009375,4.2167e-05,0.0001,293.15,0
0.00095,4.2167e-05,0.0001,293.15,0
0.0009625,4.2167e-05,0.0001,293.15,0
0.000975,4.2167e-05,0.0001,293.15,0
0.0009875,4.2167e-05,0.0001,293.15,0
0.001,4.2167e-05,0.0001,293.15,0
1.25e-05,4.6e-05,0.0001,296,0
0,4.6e-05,0.0001,293.85,0
2.5e-05,4.6e-05,0.0001,299.09,0
3.75e-05,4.6e-05,0.0001,302.65,0
5e-05,4.6e-05,0.0001,306.95,0
6.25e-05,4.6e-05,0.0001,312.23,0
7.5e-05,4.6e-05,0.0001,318.78,0
8.75e-05,4.6e-05,0.0001,326.88,0
0.0001,4.6e-05,0.0001,336.81,0
0.0001125,4.6e-05,0.0001,348.87,0
0.000125,4.6e-05,0.0001,363.31,0
0.0001375,4.6e-05,0.0001,380.39,0
0.00015,4.6e-05,0.0001,400.32,0
0.0001625,4.6e-05,0.0001,423.27,0
0.000175,4.6e-05,0.0001,449.39,0
0.0001875,4.6e-05,0.0001,478.76,0
0.0002,4.6e-05,0.0001,511.44,0
0.0002125,4.6e-05,0.0001,547.49,0
0.000225,4.6e-05,0.0001,586.94,0
0.0002375,4.6e-05,0.0001,629.85,0
0.00025,4.6e-05,0.0001,676.32,0
0.0002625,4.6e-05,0.0001,726.5,0
0.000275,4.6e-05,0.0001,780.59,0
0.0002875,4.6e-05,0.0001,838.9,0
0.0003,4.6e-05,0.0001,901.82,0
0.0003125,4.6e-05,0.0001,969.86,0
0.000325,4.6e-05,0.0001,1043.6,0
0.0003375,4.6e-05,0.0001,1124,0
0.00035,4.6e-05,0.0001,1211.8,0
0.0003625,4.6e-05,0.0001,1308.3,0
0.000375,4.6e-05,0.0001,1414.8,0
0.0003875,4.6e-05,0.0001,1532.1,0
0.0004,4.6e-05,0.0001,1659.4,0
0.0004125,4.6e-05,0.0001,1792.3,0
0.000425,4.6e-05,0.0001,1920.3,0
0.0004375,4.6e-05,0.0001,2026.9,0
0.00045,4.6e-05,0.0001,2090.8,0
0.0004625,4.6e-05,0.0001,2091.4,0
0.000475,4.6e-05,0.0001,2014.3,0
0.0004875,4.6e-05,0.0001,1856.6,0
0.0005,4.6e-05,0.0001,1629.8,0
0.0005125,4.6e-05,0.0001,1359.4,0
0.000525,4.6e-05,0.0001,1080.9,0
0.0005375,4.6e-05,0.0001,830.02,0
0.00055,4.6e-05,0.0001,631.08,0
0.0005625,4.6e-05,0.0001,491.15,0
0.000575,4.6e-05,0.0001,402.58,0
0.0005875,4.6e-05,0.0001,351.14,0
0.0006,4.6e-05,0.0001,323.07,0
0.0006125,4.6e-05,0.0001,308.37,0
0.000625,4.6e-05,0.0001,300.84,0
0.0006375,4.6e-05,0.0001,297.02,0
0.00065,4.6e-05,0.0001,295.1,0
0.0006625,4.6e-05,0.0001,294.13,0
0.000675,4.6e-05,0.0001,293.64,0
0.0006875,4.6e-05,0.0001,293.39,0
0.0007,4.6e-05,0.0001,293.27,0
0.0007125,4.6e-05,0.0001,293.21,0
0.000725,4.6e-05,0.0001,293.18,0
0.0007375,4.6e-05,0.0001,293.16,0
0.00075,4.6e-05,0.0001,293.16,0
0.0007625,4.6e-05,0.0001,293.15,0
0.000775,4.6e-05,0.0001,293.15,0
0.0007875,4.6e-05,0.0001,293.15,0
0.0008,4.6e-05,0.0001,293.15,0
0.0008125,4.6e-05,0.0001,293.15,0
0.000825,4.6e-05,0.0001,293.15,0
0.0008375,4.6e-05,0.0001,293.15,0
0.00085,4.6e-05,0.0001,293.15,0
0.0008625,4.6e-05,0.0001,293.15,0
0.000875,4.6e-05,0.0001,293.15,0
0.0008875,4.6e-05,0.0001,293.15,0
0.0009,4.6e-05,0.0001,293.15,0
0.0009125,4.6e-05,0.0001,293.15,0
0.000925,4.6e-05,0.0001,293.15,0
0.0009375,4.6e-05,0.0001,293.15,0
0.00095,4.6e-05,0.0001,293.15,0
0.0009625,4.6e-05,0.0001,293.15,0
0.000975,4.6e-05,0.0001,293.15,0
0.0009875,4.6e-05,0.0001,293.15,0
0.001,4.6e-05,0.0001,293.15,0
1.25e-05,4.9833e-05,0.0001,296.2,0
0,4.9833e-05,0.0001,293.9,0
2.5e-05,4.9833e-05,0.0001,299.51,0
3.75e-05,4.9833e-05,0.0001,303.32,0
5e-05,4.9833e-05,0.0001,307.92,0
6.25e-05,4.9833e-05,0.0001,313.57,0
7.5e-05,4.9833e-05,0.0001,320.58,0
8.75e-05,4.9833e-05,0.0001,329.24,0
0.0001,4.9833e-05,0.0001,339.86,0
0.0001125,4.9833e-05,0.0001,352.73,0
0.000125,4.9833e-05,0.0001,368.15,0
0.0001375,4.9833e-05,0.0001,386.36,0
0.00015,4.9833e-05,0.0001,407.6,0
0.0001625,4.9833e-05,0.0001,432.04,0
0.000175,4.9833e-05,0.0001,459.81,0
0.0001875,4.9833e-05,0.0001,491.01,0
0.0002,4.9833e-05,0.0001,525.7,0
0.0002125,4.9833e-05,0.0001,563.9,0
0.000225,4.9833e-05,0.0001,605.66,0
0.0002375,4.9833e-05,0.0001,651.03,0
0.00025,4.9833e-05,0.0001,700.12,0
0.0002625,4.9833e-05,0.0001,753.08,0
0.000275,4.9833e-05,0.0001,810.16,0
0.0002875,4.9833e-05,0.0001,871.68,0
0.0003,4.9833e-05,0.0001,938.09,0
0.0003125,4.9833e-05,0.0001,1010,0
0.000325,4.9833e-05,0.0001,1088.1,0
0.0003375,4.9833e-05,0.0001,1173.3,0
0.00035,4.9833e-05,0.0001,1267,0
0.0003625,4.9833e-05,0.0001,1370.6,0
0.000375,4.9833e-05,0.0001,1485.9,0
0.0003875,4.9833e-05,0.0001,1614.2,0
0.0004,4.9833e-05,0.0001,1755.1,0
0.0004125,4.9833e-05,0.0001,1903.9,0
0.000425,4.9833e-05,0.0001,2049.3,0
0.0004375,4.9833e-05,0.0001,2172.7,0
0.00045,4.9833e-05,0.0001,2250.1,0
0.0004625,4.9833e-05,0.0001,2258.4,0
0.000475,4.9833e-05,0.0001,2181.5,0
0.0004875,4.9833e-05,0.0001,2015.7,0
0.0005,4.9833e-05,0.0001,1772.6,0
0.0005125,4.9833e-05,0.0001,1479,0
0.000525,4.9833e-05,0.0001,1173.2,0
0.0005375,4.9833e-05,0.0001,894.95,0
0.00055,4.9833e-05,0.0001,672.47,0
0.0005625,4.9833e-05,0.0001,515.15,0
0.000575,4.9833e-05,0.0001,415.42,0
0.0005875,4.9833e-05,0.0001,357.6,0
0.0006,4.9833e-05,0.0001,326.21,0
0.0006125,4.9833e-05,0.0001,309.86,0
0.000625,4.9833e-05,0.0001,301.55,0
0.0006375,4.9833e-05,0.0001,297.36,0
0.00065,4.9833e-05,0.0001,295.26,0
0.0006625,4.9833e-05,0.0001,294.21,0
0.000675,4.9833e-05,0.0001,293.68,0
0.0006875,4.9833e-05,0.0001,293.41,0
0.0007,4.9833e-05,0.0001,293.28,0
0.0007125,4.9833e-05,0.0001,293.21,0
0.000725,4.9833e-05,0.0001,293.18,0
0.0007375,4.9833e-05,0.0001,293.17,0
0.00075,4.9833e-05,0.0001,293.16,0
0.0007625,4.9833e-05,0.0001,293.15,0
0.000775,4.9833e-05,0.0001,293.15,0
0.0007875,4.9833e-05,0.0001,293.15,0
0.0008,4.9833e-05,0.0001,293.15,0
0.0008125,4.9833e-05,0.0001,293.15,0
0.000825,4.9833e-05,0.0001,293.15,0
0.0008375,4.9833e-05,0.0001,293.15,0
0.00085,4.9833e-05,0.0001,293.15,0
0.0008625,4.9833e-05,0.0001,293.15,0
0.000875,4.9833e-05,0.0001,293.15,0
0.0008875,4.9833e-05,0.0001,293.15,0
0.0009,4.9833e-05,0.0001,293.15,0
0.0009125,4.9833e-05,0.0001,293.15,0
0.000925,4.9833e-05,0.0001,293.15,0
0.0009375,4.9833e-05,0.0001,293.15,0
0.00095,4.9833e-05,0.0001,293.15,0
0.0009625,4.9833e-05,0.0001,293.15,0
0.000975,4.9833e-05,0.0001,293.15,0
0.0009875,4.9833e-05,0.0001,293.15,0
0.001,4.9833e-05,0.0001,293.15,0
1.25e-05,5.3667e-05,0.0001,296.4,0
0,5.3667e-05,0.0001,293.95,0
2.5e-05,5.3667e-05,0.0001,299.91,0
3.75e-05,5.3667e-05,0.0001,303.97,0
5e-05,5.3667e-05,0.0001,308.85,0
6.25e-05,5.3667e-05,0.0001,314.86,0
7.5e-05,5.3667e-05,0.0001,322.3,0
8.75e-05,5.3667e-05,0.0001,331.5,0
0.0001,5.3667e-05,0.0001,342.77,0
0.0001125,5.3667e-05,0.0001,356.42,0
0.000125,5.3667e-05,0.0001,372.77,0
0.0001375,5.3667e-05,0.0001,392.07,0
0.00015,5.3667e-05,0.0001,414.55,0
0.0001625,5.3667e-05,0.0001,440.4,0
0.000175,5.3667e-05,0.0001,469.74,0
0.0001875,5.3667e-05,0.0001,502.67,0
0.0002,5.3667e-05,0.0001,539.23,0
0.0002125,5.3667e-05,0.0001,579.46,0
0.000225,5.3667e-05,0.0001,623.38,0
0.0002375,5.3667e-05,0.0001,671.07,0
0.00025,5.3667e-05,0.0001,722.61,0
0.0002625,5.3667e-05,0.0001,778.19,0
0.000275,5.3667e-05,0.0001,838.06,0
0.0002875,5.3667e-05,0.0001,902.59,0
0.0003,5.3667e-05,0.0001,972.3,0
0.0003125,5.3667e-05,0.0001,1047.8,0
0.000325,5.3667e-05,0.0001,1130.1,0
0.0003375,5.3667e-05,0.0001,1220.2,0
0.00035,5.3667e-05,0.0001,1319.6,0
0.0003625,5.3667e-05,0.0001,1430.2,0
0.000375,5.3667e-05,0.0001,1554.4,0
0.0003875,5.3667e-05,0.0001,1694.1,0
0.0004,5.3667e-05,0.0001,1849.2,0
0.0004125,5.3667e-05,0.0001,2014.9,0
0.000425,5.3667e-05,0.0001,2178.8,0
0.0004375,5.3667e-05,0.0001,2319.9,0
0.00045,5.3667e-05,0.0001,2411.7,0
0.0004625,5.3667e-05,0.0001,2428.4,0
0.000475,5.3667e-05,0.0001,2352.2,0
0.0004875,5.3667e-05,0.0001,2178.6,0
0.0005,5.3667e-05,0.0001,1919.4,0
0.0005125,5.3667e-05,0.0001,1602.7,0
0.000525,5.3667e-05,0.0001,1269.3,0
0.0005375,5.3667e-05,0.0001,962.99,0
0.00055,5.3667e-05,0.0001,716.03,0
0.0005625,5.3667e-05,0.0001,540.43,0
0.000575,5.3667e-05,0.0001,428.89,0
0.0005875,5.3667e-05,0.0001,364.34,0
0.0006,5.3667e-05,0.0001,329.44,0
0.0006125,5.3667e-05,0.0001,311.39,0
0.000625,5.3667e-05,0.0001,302.27,0
0.0006375,5.3667e-05,0.0001,297.7,0
0.00065,5.3667e-05,0.0001,295.42,0
0.0006625,5.3667e-05,0.0001,294.29,0
0.000675,5.3667e-05,0.0001,293.72,0
0.0006875,5.3667e-05,0.0001,293.43,0
0.0007,5.3667e-05,0.0001,293.29,0
0.0007125,5.3667e-05,0.0001,293.22,0
0.000725,5.3667e-05,0.0001,293.18,0
0.0007375,5.3667e-05,0.0001,293.17,0
0.00075,5.3667e-05,0.0001,293.16,0
0.0007625,5.3667e-05,0.0001,293.15,0
0.000775,5.3667e-05,0.0001,293.15,0
0.0007875,5.3667e-05,0.0001,293.15,0
0.0008,5.3667e-05,0.0001,293.15,0
0.0008125,5.3667e-05,0.0001,293.15,0
0.000825,5.3667e-05,0.0001,293.15,0
0.0008375,5.3667e-05,0.0001,293.15,0
0.00085,5.3667e-05,0.0001,293.15,0
0.0008625,5.3667e-05,0.0001,293.15,0
0.000875,5.3667e-05,0.0001,293.15,0
0.0008875,5.3667e-05,0.0001,293.15,0
0.0009,5.3667e-05,0.0001,293.15,0
0.0009125,5.3667e-05,0.0001,293.15,0
0.000925,5.3667e-05,0.0001,293.15,0
0.0009375,5.3667e-05,0.0001,293.15,0
0.00095,5.3667e-05,0.0001,293.15,0
0.0009625,5.3667e-05,0.0001,293.15,0
0.000975,5.3667e-05,0.0001,293.15,0
0.0009875,5.3667e-05,0.0001,293.15,0
0.001,5.3667e-05,0.0001,293.15,0
1.25e-05,5.75e-05,0.0001,296.58,0
0,5.75e-05,0.0001,293.99,0
2.5e-05,5.75e-05,0.0001,300.29,0
3.75e-05,5.75e-05,0.0001,304.58,0
5e-05,5.75e-05,0.0001,309.74,0
6.25e-05,5.75e-05,0.0001,316.08,0
7.5e-05,5.75e-05,0.0001,323.94,0
8.75e-05,5.75e-05,0.0001,333.65,0
0.0001,5.75e-05,0.0001,345.54,0
0.0001125,5.75e-05,0.0001,359.94,0
0.000125,5.75e-05,0.0001,377.16,0
0.0001375,5.75e-05,0.0001,397.49,0
0.00015,5.75e-05,0.0001,421.15,0
0.0001625,5.75e-05,0.0001,448.32,0
0.000175,5.75e-05,0.0001,479.15,0
0.0001875,5.75e-05,0.0001,513.7,0
0.0002,5.75e-05,0.0001,552.02,0
0.0002125,5.75e-05,0.0001,594.15,0
0.000225,5.75e-05,0.0001,640.11,0
0.0002375,5.75e-05,0.0001,689.95,0
0.00025,5.75e-05,0.0001,743.78,0
0.0002625,5.75e-05,0.0001,801.8,0
0.000275,5.75e-05,0.0001,864.29,0
0.0002875,5.75e-05,0.0001,931.66,0
0.0003,5.75e-05,0.0001,1004.5,0
0.0003125,5.75e-05,0.0001,1083.5,0
0.000325,5.75e-05,0.0001,1169.7,0
0.0003375,5.75e-05,0.0001,1264.4,0
0.00035,5.75e-05,0.0001,1369.5,0
0.0003625,5.75e-05,0.0001,1487.2,0
0.000375,5.75e-05,0.0001,1620.4,0
0.0003875,5.75e-05,0.0001,1771.7,0
0.0004,5.75e-05,0.0001,1941.6,0
0.0004125,5.75e-05,0.0001,2125,0
0.000425,5.75e-05,0.0001,2308.3,0
0.0004375,5.75e-05,0.0001,2468.1,0
0.00045,5.75e-05,0.0001,2574.9,0
0.0004625,5.75e-05,0.0001,2600.3,0
0.000475,5.75e-05,0.0001,2525,0
0.0004875,5.75e-05,0.0001,2344,0
0.0005,5.75e-05,0.0001,2069.1,0
0.0005125,5.75e-05,0.0001,1729.4,0
0.000525,5.75e-05,0.0001,1368.5,0
0.0005375,5.75e-05,0.0001,1033.6,0
0.00055,5.75e-05,0.0001,761.49,0
0.0005625,5.75e-05,0.0001,566.86,0
0.000575,5.75e-05,0.0001,442.95,0
0.0005875,5.75e-05,0.0001,371.31,0
0.0006,5.75e-05,0.0001,332.76,0
0.0006125,5.75e-05,0.0001,312.94,0
0.000625,5.75e-05,0.0001,302.99,0
0.0006375,5.75e-05,0.0001,298.04,0
0.00065,5.75e-05,0.0001,295.58,0
0.0006625,5.75e-05,0.0001,294.36,0
0.000675,5.75e-05,0.0001,293.75,0
0.0006875,5.75e-05,0.0001,293.45,0
0.0007,5.75e-05,0.0001,293.3,0
0.0007125,5.75e-05,0.0001,293.22,0
0.000725,5.75e-05,0.0001,293.19,0
0.0007375,5.75e-05,0.0001,293.17,0
0.00075,5.75e-05,0.0001,293.16,0
0.0007625,5.75e-05,0.0001,293.15,0
0.000775,5.75e-05,0.0001,293.15,0
0.0007875,5.75e-05,0.0001,293.15,0
0.0008,5.75e-05,0.0001,293.15,0
0.0008125,5.75e-05,0.0001,293.15,0
0.000825,5.75e-05,0.0001,293.15,0
0.0008375,5.75e-05,0.0001,293.15,0
0.00085,5.75e-05,0.0001,293.15,0
0.0008625,5.75e-05,0.0001,293.15,0
0.000875,5.75e-05,0.0001,293.15,0
0.0008875,5.75e-05,0.0001,293.15,0
0.0009,5.75e-05,0.0001,293.15,0
0.0009125,5.75e-05,0.0001,293.15,0
0.000925,5.75e-05,0.0001,293.15,0
0.0009375,5.75e-05,0.0001,293.15,0
0.00095,5.75e-05,0.0001,293.15,0
0.0009625,5.75e-05,0.0001,293.15,0
0.000975,5.75e-05,0.0001,293.15,0
0.0009875,5.75e-05,0.0001,293.15,0
0.001,5.75e-05,0.0001,293.15,0
1.25e-05,6.1333e-05,0.0001,296.76,0
0,6.1333e-05,0.0001,294.03,0
2.5e-05,6.1333e-05,0.0001,300.66,0
3.75e-05,6.1333e-05,0.0001,305.16,0
5e-05,6.1333e-05,0.0001,310.58,0
6.25e-05,6.1333e-05,0.0001,317.25,0
7.5e-05,6.1333e-05,0.0001,325.5,0
8.75e-05,6.1333e-05,0.0001,335.69,0
0.0001,6.1333e-05,0.0001,348.16,0
0.0001125,6.1333e-05,0.0001,363.27,0
0.000125,6.1333e-05,0.0001,381.33,0
0.0001375,6.1333e-05,0.0001,402.62,0
0.00015,6.1333e-05,0.0001,427.38,0
0.0001625,6.1333e-05,0.0001,455.81,0
0.000175,6.1333e-05,0.0001,488.02,0
0.0001875,6.1333e-05,0.0001,524.09,0
0.0002,6.1333e-05,0.0001,564.06,0
0.0002125,6.1333e-05,0.0001,607.96,0
0.000225,6.1333e-05,0.0001,655.81,0
0.0002375,6.1333e-05,0.0001,707.66,0
0.00025,6.1333e-05,0.0001,763.63,0
0.0002625,6.1333e-05,0.0001,823.92,0
0.000275,6.1333e-05,0.0001,888.85,0
0.0002875,6.1333e-05,0.0001,958.87,0
0.0003,6.1333e-05,0.0001,1034.6,0
0.0003125,6.1333e-05,0.0001,1116.9,0
0.000325,6.1333e-05,0.0001,1206.9,0
0.0003375,6.1333e-05,0.0001,1306.1,0
0.00035,6.1333e-05,0.0001,1416.7,0
0.0003625,6.1333e-05,0.0001,1541.4,0
0.000375,6.1333e-05,0.0001,1683.7,0
0.0003875,6.1333e-05,0.0001,1847,0
0.0004,6.1333e-05,0.0001,2032.1,0
0.0004125,6.1333e-05,0.0001,2233.8,0
0.000425,6.1333e-05,0.0001,2437.2,0
0.0004375,6.1333e-05,0.0001,2616.3,0
0.00045,6.1333e-05,0.0001,2738.6,0
0.0004625,6.1333e-05,0.0001,2773,0
0.000475,6.1333e-05,0.0001,2698.7,0
0.0004875,6.1333e-05,0.0001,2510.4,0
0.0005,6.1333e-05,0.0001,2220.2,0
0.0005125,6.1333e-05,0.0001,1858.1,0
0.000525,6.1333e-05,0.0001,1469.8,0
0.0005375,6.1333e-05,0.0001,1106.3,0
0.00055,6.1333e-05,0.0001,808.47,0
0.0005625,6.1333e-05,0.0001,594.23,0
0.000575,6.1333e-05,0.0001,457.48,0
0.0005875,6.1333e-05,0.0001,378.49,0
0.0006,6.1333e-05,0.0001,336.15,0
0.0006125,6.1333e-05,0.0001,314.51,0
0.000625,6.1333e-05,0.0001,303.71,0
0.0006375,6.1333e-05,0.0001,298.38,0
0.00065,6.1333e-05,0.0001,295.74,0
0.0006625,6.1333e-05,0.0001,294.44,0
0.000675,6.1333e-05,0.0001,293.79,0
0.0006875,6.1333e-05,0.0001,293.47,0
0.0007,6.1333e-05,0.0001,293.31,0
0.0007125,6.1333e-05,0.0001,293.23,0
0.000725,6.1333e-05,0.0001,293.19,0
0.0007375,6.1333e-05,0.0001,293.17,0
0.00075,6.1333e-05,0.0001,293.16,0
0.0007625,6.1333e-05,0.0001,293.15,0
0.000775,6.1333e-05,0.0001,293.15,0
0.0007875,6.1333e-05,0.0001,293.15,0
0.0008,6.1333e-05,0.0001,293.15,0
0.0008125,6.1333e-05,0.0001,293.15,0
0.000825,6.1333e-05,0.0001,293.15,0
0.0008375,6.1333e-05,0.0001,293.15,0
0.00085,6.1333e-05,0.0001,293.15,0
0.0008625,6.1333e-05,0.0001,293.15,0
0.000875,6.1333e-05,0.0001,293.15,0
0.0008875,6.1333e-05,0.0001,293.15,0
0.0009,6.1333e-05,0.0001,293.15,0
0.0009125,6.1333e-05,0.0001,293.15,0
0.000925,6.1333e-05,0.0001,293.15,0
0.0009375,6.1333e-05,0.0001,293.15,0
0.00095,6.1333e-05,0.0001,293.15,0
0.0009625,6.1333e-05,0.0001,293.15,0
0.000975,6.1333e-05,0.0001,293.15,0
0.0009875,6.1333e-05,0.0001,293.15,0
0.001,6.1333e-05,0.0001,293.15,0
1.25e-05,6.5167e-05,0.0001,296.92,0
0,6.5167e-05,0.0001,294.07,0
2.5e-05,6.5167e-05,0.0001,301,0
3.75e-05,6.5167e-05,0.0001,305.71,0
5e-05,6.5167e-05,0.0001,311.37,0
6.25e-05,6.5167e-05,0.0001,318.34,0
7.5e-05,6.5167e-05,0.0001,326.96,0
8.75e-05,6.5167e-05,0.0001,337.61,0
0.0001,6.5167e-05,0.0001,350.64,0
0.0001125,6.5167e-05,0.0001,366.4,0
0.000125,6.5167e-05,0.0001,385.24,0
0.0001375,6.5167e-05,0.0001,407.44,0
0.00015,6.5167e-05,0.0001,433.24,0
0.0001625,6.5167e-05,0.0001,462.83,0
0.000175,6.5167e-05,0.0001,496.34,0
0.0001875,6.5167e-05,0.0001,533.83,0
0.0002,6.5167e-05,0.0001,575.34,0
0.0002125,6.5167e-05,0.0001,620.88,0
0.000225,6.5167e-05,0.0001,670.48,0
0.0002375,6.5167e-05,0.0001,724.19,0
0.00025,6.5167e-05,0.0001,782.14,0
0.0002625,6.5167e-05,0.0001,844.54,0
0.000275,6.5167e-05,0.0001,911.75,0
0.0002875,6.5167e-05,0.0001,984.24,0
0.0003,6.5167e-05,0.0001,1062.7,0
0.0003125,6.5167e-05,0.0001,1148.1,0
0.000325,6.5167e-05,0.0001,1241.7,0
0.0003375,6.5167e-05,0.0001,1345.3,0
0.00035,6.5167e-05,0.0001,1461.2,0
0.0003625,6.5167e-05,0.0001,1592.8,0
0.000375,6.5167e-05,0.0001,1744.3,0
0.0003875,6.5167e-05,0.0001,1919.6,0
0.0004,6.5167e-05,0.0001,2120.3,0
0.0004125,6.5167e-05,0.0001,2340.9,0
0.000425,6.5167e-05,0.0001,2564.9,0
0.0004375,6.5167e-05,0.0001,2763.7,0
0.00045,6.5167e-05,0.0001,2901.6,0
0.0004625,6.5167e-05,0.0001,2944.9,0
0.000475,6.5167e-05,0.0001,2871.6,0
0.0004875,6.5167e-05,0.0001,2676.3,0
0.0005,6.5167e-05,0.0001,2371.3,0
0.0005125,6.5167e-05,0.0001,1987.3,0
0.000525,6.5167e-05,0.0001,1572,0
0.0005375,6.5167e-05,0.0001,1180.1,0
0.00055,6.5167e-05,0.0001,856.48,0
0.0005625,6.5167e-05,0.0001,622.29,0
0.000575,6.5167e-05,0.0001,472.36,0
0.0005875,6.5167e-05,0.0001,385.8,0
0.0006,6.5167e-05,0.0001,339.57,0
0.0006125,6.5167e-05,0.0001,316.07,0
0.000625,6.5167e-05,0.0001,304.43,0
0.0006375,6.5167e-05,0.0001,298.71,0
0.00065,6.5167e-05,0.0001,295.9,0
0.0006625,6.5167e-05,0.0001,294.51,0
0.000675,6.5167e-05,0.0001,293.82,0
0.0006875,6.5167e-05,0.0001,293.48,0
0.0007,6.5167e-05,0.0001,293.32,0
0.0007125,6.5167e-05,0.0001,293.23,0
0.000725,6.5167e-05,0.0001,293.19,0
0.0007375,6.5167e-05,0.0001,293.17,0
0.00075,6.5167e-05,0.0001,293.16,0
0.0007625,6.5167e-05,0.0001,293.15,0
0.000775,6.5167e-05,0.0001,293.15,0
0.0007875,6.5167e-05,0.0001,293.15,0
0.0008,6.5167e-05,0.0001,293.15,0
0.0008125,6.5167e-05,0.0001,293.15,0
0.000825,6.5167e-05,0.0001,293.15,0
0.0008375,6.5167e-05,0.0001,293.15,0
0.00085,6.5167e-05,0.0001,293.15,0
0.0008625,6.5167e-05,0.0001,293.15,0
0.000875,6.5167e-05,0.0001,293.15,0
0.0008875,6.5167e-05,0.0001,293.15,0
0.0009,6.5167e-05,0.0001,293.15,0
0.0009125,6.5167e-05,0.0001,293.15,0
0.000925,6.5167e-05,0.0001,293.15,0
0.0009375,6.5167e-05,0.0001,293.15,0
0.00095,6.5167e-05,0.0001,293.15,0
0.0009625,6.5167e-05,0.0001,293.15,0
0.000975,6.5167e-05,0.0001,293.15,0
0.0009875,6.5167e-05,0.0001,293.15,0
0.001,6.5167e-05,0.0001,293.15,0
1.25e-05,6.9e-05,0.0001,297.08,0
0,6.9e-05,0.0001,294.11,0
2.5e-05,6.9e-05,0.0001,301.32,0
3.75e-05,6.9e-05,0.0001,306.22,0
5e-05,6.9e-05,0.0001,312.12,0
6.25e-05,6.9e-05,0.0001,319.37,0
7.5e-05,6.9e-05,0.0001,328.34,0
8.75e-05,6.9e-05,0.0001,339.41,0
0.0001,6.9e-05,0.0001,352.95,0
0.0001125,6.9e-05,0.0001,369.34,0
0.000125,6.9e-05,0.0001,388.9,0
0.0001375,6.9e-05,0.0001,411.95,0
0.00015,6.9e-05,0.0001,438.71,0
0.0001625,6.9e-05,0.0001,469.39,0
0.000175,6.9e-05,0.0001,504.1,0
0.0001875,6.9e-05,0.0001,542.9,0
0.0002,6.9e-05,0.0001,585.83,0
0.0002125,6.9e-05,0.0001,632.89,0
0.000225,6.9e-05,0.0001,684.1,0
0.0002375,6.9e-05,0.0001,739.53,0
0.00025,6.9e-05,0.0001,799.31,0
0.0002625,6.9e-05,0.0001,863.67,0
0.000275,6.9e-05,0.0001,932.97,0
0.0002875,6.9e-05,0.0001,1007.8,0
0.0003,6.9e-05,0.0001,1088.8,0
0.0003125,6.9e-05,0.0001,1177.1,0
0.000325,6.9e-05,0.0001,1274.2,0
0.0003375,6.9e-05,0.0001,1381.8,0
0.00035,6.9e-05,0.0001,1503,0
0.0003625,6.9e-05,0.0001,1641.4,0
0.000375,6.9e-05,0.0001,1801.9,0
0.0003875,6.9e-05,0.0001,1989.3,0
0.0004,6.9e-05,0.0001,2205.7,0
0.0004125,6.9e-05,0.0001,2445.4,0
0.000425,6.9e-05,0.0001,2690.4,0
0.0004375,6.9e-05,0.0001,2909,0
0.00045,6.9e-05,0.0001,3062.4,0
0.0004625,6.9e-05,0.0001,3114.5,0
0.000475,6.9e-05,0.0001,3042.1,0
0.0004875,6.9e-05,0.0001,2839.9,0
0.0005,6.9e-05,0.0001,2520.6,0
0.0005125,6.9e-05,0.0001,2115.6,0
0.000525,6.9e-05,0.0001,1674.1,0
0.0005375,6.9e-05,0.0001,1254.2,0
0.00055,6.9e-05,0.0001,904.98,0
0.0005625,6.9e-05,0.0001,650.73,0
0.000575,6.9e-05,0.0001,487.43,0
0.0005875,6.9e-05,0.0001,393.19,0
0.0006,6.9e-05,0.0001,343,0
0.0006125,6.9e-05,0.0001,317.63,0
0.000625,6.9e-05,0.0001,305.13,0
0.0006375,6.9e-05,0.0001,299.03,0
0.00065,6.9e-05,0.0001,296.05,0
0.0006625,6.9e-05,0.0001,294.58,0
0.000675,6.9e-05,0.0001,293.86,0
0.0006875,6.9e-05,0.0001,293.5,0
0.0007,6.9e-05,0.0001,293.32,0
0.0007125,6.9e-05,0.0001,293.24,0
0.000725,6.9e-05,0.0001,293.19,0
0.0007375,6.9e-05,0.0001,293.17,0
0.00075,6.9e-05,0.0001,293.16,0
0.0007625,6.9e-05,0.0001,293.15,0
0.000775,6.9e-05,0.0001,293.15,0
0.0007875,6.9e-05,0.0001,293.15,0
0.0008,6.9e-05,0.0001,293.15,0
0.0008125,6.9e-05,0.0001,293.15,0
0.000825,6.9e-05,0.0001,293.15,0
0.0008375,6.9e-05,0.0001,293.15,0
0.00085,6.9e-05,0.0001,293.15,0
0.0008625,6.9e-05,0.0001,293.15,0
0.000875,6.9e-05,0.0001,293.15,0
0.0008875,6.9e-05,0.0001,293.15,0
0.0009,6.9e-05,0.0001,293.15,0
0.0009125,6.9e-05,0.0001,293.15,0
0.000925,6.9e-05,0.0001,293.15,0
0.0009375,6.9e-05,0.0001,293.15,0
0.00095,6.9e-05,0.0001,293.15,0
0.0009625,6.9e-05,0.0001,293.15,0
0.000975,6.9e-05,0.0001,293.15,0
0.0009875,6.9e-05,0.0001,293.15,0
0.001,6.9e-05,0.0001,293.15,0
1.25e-05,7.2833e-05,0.0001,297.22,0
0,7.2833e-05,0.0001,294.15,0
2.5e-05,7.2833e-05,0.0001,301.62,0
3.75e-05,7.2833e-05,0.0001,306.7,0
5e-05,7.2833e-05,0.0001,312.81,0
6.25e-05,7.2833e-05,0.0001,320.32,0
7.5e-05,7.2833e-05,0.0001,329.62,0
8.75e-05,7.2833e-05,0.0001,341.08,0
0.0001,7.2833e-05,0.0001,355.11,0
0.0001125,7.2833e-05,0.0001,372.06,0
0.000125,7.2833e-05,0.0001,392.3,0
0.0001375,7.2833e-05,0.0001,416.13,0
0.00015,7.2833e-05,0.0001,443.79,0
0.0001625,7.2833e-05,0.0001,475.46,0
0.000175,7.2833e-05,0.0001,511.28,0
0.0001875,7.2833e-05,0.0001,551.29,0
0.0002,7.2833e-05,0.0001,595.52,0
0.0002125,7.2833e-05,0.0001,643.98,0
0.000225,7.2833e-05,0.0001,696.68,0
0.0002375,7.2833e-05,0.0001,753.68,0
0.00025,7.2833e-05,0.0001,815.13,0
0.0002625,7.2833e-05,0.0001,881.28,0
0.000275,7.2833e-05,0.0001,952.52,0
0.0002875,7.2833e-05,0.0001,1029.4,0
0.0003,7.2833e-05,0.0001,1112.9,0
0.0003125,7.2833e-05,0.0001,1203.9,0
0.000325,7.2833e-05,0.0001,1304.1,0
0.0003375,7.2833e-05,0.0001,1415.8,0
0.00035,7.2833e-05,0.0001,1541.9,0
0.0003625,7.2833e-05,0.0001,1686.9,0
0.000375,7.2833e-05,0.0001,1856.3,0
0.0003875,7.2833e-05,0.0001,2055.7,0
0.0004,7.2833e-05,0.0001,2287.9,0
0.0004125,7.2833e-05,0.0001,2546.8,0
0.000425,7.2833e-05,0.0001,2812.6,0
0.0004375,7.2833e-05,0.0001,3051,0
0.00045,7.2833e-05,0.0001,3219.6,0
0.0004625,7.2833e-05,0.0001,3280.1,0
0.000475,7.2833e-05,0.0001,3208.3,0
0.0004875,7.2833e-05,0.0001,2999.3,0
0.0005,7.2833e-05,0.0001,2666.4,0
0.0005125,7.2833e-05,0.0001,2241.4,0
0.000525,7.2833e-05,0.0001,1774.7,0
0.0005375,7.2833e-05,0.0001,1327.7,0
0.00055,7.2833e-05,0.0001,953.32,0
0.0005625,7.2833e-05,0.0001,679.18,0
0.000575,7.2833e-05,0.0001,502.52,0
0.0005875,7.2833e-05,0.0001,400.55,0
0.0006,7.2833e-05,0.0001,346.4,0
0.0006125,7.2833e-05,0.0001,319.16,0
0.000625,7.2833e-05,0.0001,305.82,0
0.0006375,7.2833e-05,0.0001,299.34,0
0.00065,7.2833e-05,0.0001,296.19,0
0.0006625,7.2833e-05,0.0001,294.65,0
0.000675,7.2833e-05,0.0001,293.89,0
0.0006875,7.2833e-05,0.0001,293.51,0
0.0007,7.2833e-05,0.0001,293.33,0
0.0007125,7.2833e-05,0.0001,293.24,0
0.000725,7.2833e-05,0.0001,293.19,0
0.0007375,7.2833e-05,0.0001,293.17,0
0.00075,7.2833e-05,0.0001,293.16,0
0.0007625,7.2833e-05,0.0001,293.16,0
0.000775,7.2833e-05,0.0001,293.15,0
0.0007875,7.2833e-05,0.0001,293.15,0
0.0008,7.2833e-05,0.0001,293.15,0
0.0008125,7.2833e-05,0.0001,293.15,0
0.000825,7.2833e-05,0.0001,293.15,0
0.0008375,7.2833e-05,0.0001,293.15,0
0.00085,7.2833e-05,0.0001,293.15,0
0.0008625,7.2833e-05,0.0001,293.15,0
0.000875,7.2833e-05,0.0001,293.15,0
0.0008875,7.2833e-05,0.0001,293.15,0
0.0009,7.2833e-05,0.0001,293.15,0
0.0009125,7.2833e-05,0.0001,293.15,0
0.000925,7.2833e-05,0.0001,293.15,0
0.0009375,7.2833e-05,0.0001,293.15,0
0.00095,7.2833e-05,0.0001,293.15,0
0.0009625,7.2833e-05,0.0001,293.15,0
0.000975,7.2833e-05,0.0001,293.15,0
0.0009875,7.2833e-05,0.0001,293.15,0
0.001,7.2833e-05,0.0001,293.15,0
1.25e-05,7.6667e-05,0.0001,297.35,0
0,7.6667e-05,0.0001,294.18,0
2.5e-05,7.6667e-05,0.0001,301.9,0
3.75e-05,7.6667e-05,0.0001,307.14,0
5e-05,7.6667e-05,0.0001,313.45,0
6.25e-05,7.6667e-05,0.0001,321.21,0
7.5e-05,7.6667e-05,0.0001,330.8,0
8.75e-05,7.6667e-05,0.0001,342.62,0
0.0001,7.6667e-05,0.0001,357.09,0
0.0001125,7.6667e-05,0.0001,374.57,0
0.000125,7.6667e-05,0.0001,395.43,0
0.0001375,7.6667e-05,0.0001,419.98,0
0.00015,7.6667e-05,0.0001,448.45,0
0.0001625,7.6667e-05,0.0001,481.05,0
0.000175,7.6667e-05,0.0001,517.87,0
0.0001875,7.6667e-05,0.0001,558.99,0
0.0002,7.6667e-05,0.0001,604.41,0
0.0002125,7.6667e-05,0.0001,654.14,0
0.000225,7.6667e-05,0.0001,708.19,0
0.0002375,7.6667e-05,0.0001,766.63,0
0.00025,7.6667e-05,0.0001,829.6,0
0.0002625,7.6667e-05,0.0001,897.38,0
0.000275,7.6667e-05,0.0001,970.4,0
0.0002875,7.6667e-05,0.0001,1049.3,0
0.0003,7.6667e-05,0.0001,1134.9,0
0.0003125,7.6667e-05,0.0001,1228.4,0
0.000325,7.6667e-05,0.0001,1331.7,0
0.0003375,7.6667e-05,0.0001,1447,0
0.00035,7.6667e-05,0.0001,1577.9,0
0.0003625,7.6667e-05,0.0001,1729.2,0
0.000375,7.6667e-05,0.0001,1907.2,0
0.0003875,7.6667e-05,0.0001,2118.5,0
0.0004,7.6667e-05,0.0001,2366.3,0
0.0004125,7.6667e-05,0.0001,2644.1,0
0.000425,7.6667e-05,0.0001,2930.6,0
0.0004375,7.6667e-05,0.0001,3188.2,0
0.00045,7.6667e-05,0.0001,3371.5,0
0.0004625,7.6667e-05,0.0001,3439.8,0
0.000475,7.6667e-05,0.0001,3368.4,0
0.0004875,7.6667e-05,0.0001,3152.7,0
0.0005,7.6667e-05,0.0001,2806.9,0
0.0005125,7.6667e-05,0.0001,2363,0
0.000525,7.6667e-05,0.0001,1872.5,0
0.0005375,7.6667e-05,0.0001,1399.5,0
0.00055,7.6667e-05,0.0001,1000.8,0
0.0005625,7.6667e-05,0.0001,707.24,0
0.000575,7.6667e-05,0.0001,517.42,0
0.0005875,7.6667e-05,0.0001,407.8,0
0.0006,7.6667e-05,0.0001,349.73,0
0.0006125,7.6667e-05,0.0001,320.65,0
0.000625,7.6667e-05,0.0001,306.48,0
0.0006375,7.6667e-05,0.0001,299.64,0
0.00065,7.6667e-05,0.0001,296.33,0
0.0006625,7.6667e-05,0.0001,294.71,0
0.000675,7.6667e-05,0.0001,293.92,0
0.0006875,7.6667e-05,0.0001,293.53,0
0.0007,7.6667e-05,0.0001,293.34,0
0.0007125,7.6667e-05,0.0001,293.24,0
0.000725,7.6667e-05,0.0001,293.2,0
0.0007375,7.6667e-05,0.0001,293.17,0
0.00075,7.6667e-05,0.0001,293.16,0
0.0007625,7.6667e-05,0.0001,293.16,0
0.000775,7.6667e-05,0.0001,293.15,0
0.0007875,7.6667e-05,0.0001,293.15,0
0.0008,7.6667e-05,0.0001,293.15,0
0.0008125,7.6667e-05,0.0001,293.15,0
0.000825,7.6667e-05,0.0001,293.15,0
0.0008375,7.6667e-05,0.0001,293.15,0
0.00085,7.6667e-05,0.0001,293.15,0
0.0008625,7.6667e-05,0.0001,293.15,0
0.000875,7.6667e-05,0.0001,293.15,0
0.0008875,7.6667e-05,0.0001,293.15,0
0.0009,7.6667e-05,0.0001,293.15,0
0.0009125,7.6667e-05,0.0001,293.15,0
0.000925,7.6667e-05,0.0001,293.15,0
0.0009375,7.6667e-05,0.0001,293.15,0
0.00095,7.6667e-05,0.0001,293.15,0
0.0009625,7.6667e-05,0.0001,293.15,0
0.000975,7.6667e-05,0.0001,293.15,0
0.0009875,7.6667e-05,0.0001,293.15,0
0.001,7.6667e-05,0.0001,293.15,0
1.25e-05,8.05e-05,0.0001,297.48,0
0,8.05e-05,0.0001,294.21,0
2.5e-05,8.05e-05,0.0001,302.15,0
3.75e-05,8.05e-05,0.0001,307.55,0
5e-05,8.05e-05,0.0001,314.04,0
6.25e-05,8.05e-05,0.0001,322.01,0
7.5e-05,8.05e-05,0.0001,331.87,0
8.75e-05,8.05e-05,0.0001,344.03,0
0.0001,8.05e-05,0.0001,358.9,0
0.0001125,8.05e-05,0.0001,376.86,0
0.000125,8.05e-05,0.0001,398.29,0
0.0001375,8.05e-05,0.0001,423.48,0
0.00015,8.05e-05,0.0001,452.7,0
0.0001625,8.05e-05,0.0001,486.13,0
0.000175,8.05e-05,0.0001,523.87,0
0.0001875,8.05e-05,0.0001,565.98,0
0.0002,8.05e-05,0.0001,612.48,0
0.0002125,8.05e-05,0.0001,663.36,0
0.000225,8.05e-05,0.0001,718.63,0
0.0002375,8.05e-05,0.0001,778.36,0
0.00025,8.05e-05,0.0001,842.71,0
0.0002625,8.05e-05,0.0001,911.97,0
0.000275,8.05e-05,0.0001,986.59,0
0.0002875,8.05e-05,0.0001,1067.2,0
0.0003,8.05e-05,0.0001,1154.8,0
0.0003125,8.05e-05,0.0001,1250.7,0
0.000325,8.05e-05,0.0001,1356.7,0
0.0003375,8.05e-05,0.0001,1475.5,0
0.00035,8.05e-05,0.0001,1610.8,0
0.0003625,8.05e-05,0.0001,1768.2,0
0.000375,8.05e-05,0.0001,1954.5,0
0.0003875,8.05e-05,0.0001,2177.3,0
0.0004,8.05e-05,0.0001,2440.1,0
0.0004125,8.05e-05,0.0001,2736.5,0
0.000425,8.05e-05,0.0001,3043,0
0.0004375,8.05e-05,0.0001,3319.1,0
0.00045,8.05e-05,0.0001,3516.3,0
0.0004625,8.05e-05,0.0001,3591.8,0
0.000475,8.05e-05,0.0001,3520.4,0
0.0004875,8.05e-05,0.0001,3298.3,0
0.0005,8.05e-05,0.0001,2940.4,0
0.0005125,8.05e-05,0.0001,2479,0
0.000525,8.05e-05,0.0001,1966.2,0
0.0005375,8.05e-05,0.0001,1468.6,0
0.00055,8.05e-05,0.0001,1046.8,0
0.0005625,8.05e-05,0.0001,734.48,0
0.000575,8.05e-05,0.0001,531.9,0
0.0005875,8.05e-05,0.0001,414.83,0
0.0006,8.05e-05,0.0001,352.95,0
0.0006125,8.05e-05,0.0001,322.07,0
0.000625,8.05e-05,0.0001,307.11,0
0.0006375,8.05e-05,0.0001,299.92,0
0.00065,8.05e-05,0.0001,296.45,0
0.0006625,8.05e-05,0.0001,294.77,0
0.000675,8.05e-05,0.0001,293.95,0
0.0006875,8.05e-05,0.0001,293.54,0
0.0007,8.05e-05,0.0001,293.34,0
0.0007125,8.05e-05,0.0001,293.24,0
0.000725,8.05e-05,0.0001,293.2,0
0.0007375,8.05e-05,0.0001,293.17,0
0.00075,8.05e-05,0.0001,293.16,0
0.0007625,8.05e-05,0.0001,293.16,0
0.000775,8.05e-05,0.0001,293.15,0
0.0007875,8.05e-05,0.0001,293.15,0
0.0008,8.05e-05,0.0001,293.15,0
0.0008125,8.05e-05,0.0001,293.15,0
0.000825,8.05e-05,0.0001,293.15,0
0.0008375,8.05e-05,0.0001,293.15,0
0.00085,8.05e-05,0.0001,293.15,0
0.0008625,8.05e-05,0.0001,293.15,0
0.000875,8.05e-05,0.0001,293.15,0
0.0008875,8.05e-05,0.0001,293.15,0
0.0009,8.05e-05,0.0001,293.15,0
0.0009125,8.05e-05,0.0001,293.15,0
0.000925,8.05e-05,0.0001,293.15,0
0.0009375,8.05e-05,0.0001,293.15,0
0.00095,8.05e-05,0.0001,293.15,0
0.0009625,8.05e-05,0.0001,293.15,0
0.000975,8.05e-05,0.0001,293.15,0
0.0009875,8.05e-05,0.0001,293.15,0
0.001,8.05e-05,0.0001,293.15,0
1.25e-05,8.4333e-05,0.0001,297.59,0
0,8.4333e-05,0.0001,294.24,0
2.5e-05,8.4333e-05,0.0001,302.38,0
3.75e-05,8.4333e-05,0.0001,307.91,0
5e-05,8.4333e-05,0.0001,314.56,0
6.25e-05,8.4333e-05,0.0001,322.74,0
7.5e-05,8.4333e-05,0.0001,332.84,0
8.75e-05,8.4333e-05,0.0001,345.3,0
0.0001,8.4333e-05,0.0001,360.53,0
0.0001125,8.4333e-05,0.0001,378.93,0
0.000125,8.4333e-05,0.0001,400.86,0
0.0001375,8.4333e-05,0.0001,426.64,0
0.00015,8.4333e-05,0.0001,456.53,0
0.0001625,8.4333e-05,0.0001,490.7,0
0.000175,8.4333e-05,0.0001,529.26,0
0.0001875,8.4333e-05,0.0001,572.27,0
0.0002,8.4333e-05,0.0001,619.72,0
0.0002125,8.4333e-05,0.0001,671.63,0
0.000225,8.4333e-05,0.0001,727.99,0
0.0002375,8.4333e-05,0.0001,788.88,0
0.00025,8.4333e-05,0.0001,854.46,0
0.0002625,8.4333e-05,0.0001,925.04,0
0.000275,8.4333e-05,0.0001,1001.1,0
0.0002875,8.4333e-05,0.0001,1083.3,0
0.0003,8.4333e-05,0.0001,1172.7,0
0.0003125,8.4333e-05,0.0001,1270.7,0
0.000325,8.4333e-05,0.0001,1379.2,0
0.0003375,8.4333e-05,0.0001,1501.2,0
0.00035,8.4333e-05,0.0001,1640.7,0
0.0003625,8.4333e-05,0.0001,1803.7,0
0.000375,8.4333e-05,0.0001,1997.8,0
0.0003875,8.4333e-05,0.0001,2231.5,0
0.0004,8.4333e-05,0.0001,2508.8,0
0.0004125,8.4333e-05,0.0001,2822.9,0
0.000425,8.4333e-05,0.0001,3148.4,0
0.0004375,8.4333e-05,0.0001,3442.1,0
0.00045,8.4333e-05,0.0001,3652.2,0
0.0004625,8.4333e-05,0.0001,3734.1,0
0.000475,8.4333e-05,0.0001,3662.5,0
0.0004875,8.4333e-05,0.0001,3434.1,0
0.0005,8.4333e-05,0.0001,3065,0
0.0005125,8.4333e-05,0.0001,2587.6,0
0.000525,8.4333e-05,0.0001,2054.3,0
0.0005375,8.4333e-05,0.0001,1533.9,0
0.00055,8.4333e-05,0.0001,1090.4,0
0.0005625,8.4333e-05,0.0001,760.45,0
0.000575,8.4333e-05,0.0001,545.72,0
0.0005875,8.4333e-05,0.0001,421.53,0
0.0006,8.4333e-05,0.0001,356,0
0.0006125,8.4333e-05,0.0001,323.42,0
0.000625,8.4333e-05,0.0001,307.7,0
0.0006375,8.4333e-05,0.0001,300.18,0
0.00065,8.4333e-05,0.0001,296.57,0
0.0006625,8.4333e-05,0.0001,294.82,0
0.000675,8.4333e-05,0.0001,293.97,0
0.0006875,8.4333e-05,0.0001,293.55,0
0.0007,8.4333e-05,0.0001,293.35,0
0.0007125,8.4333e-05,0.0001,293.25,0
0.000725,8.4333e-05,0.0001,293.2,0
0.0007375,8.4333e-05,0.0001,293.17,0
0.00075,8.4333e-05,0.0001,293.16,0
0.0007625,8.4333e-05,0.0001,293.16,0
0.000775,8.4333e-05,0.0001,293.15,0
0.0007875,8.4333e-05,0.0001,293.15,0
0.0008,8.4333e-05,0.0001,293.15,0
0.0008125,8.4333e-05,0.0001,293.15,0
0.000825,8.4333e-05,0.0001,293.15,0
0.0008375,8.4333e-05,0.0001,293.15,0
0.00085,8.4333e-05,0.0001,293.15,0
0.0008625,8.4333e-05,0.0001,293.15,0
0.000875,8.4333e-05,0.0001,293.15,0
0.0008875,8.4333e-05,0.0001,293.15,0
0.0009,8.4333e-05,0.0001,293.15,0
0.0009125,8.4333e-05,0.0001,293.15,0
0.000925,8.4333e-05,0.0001,293.15,0
0.0009375,8.4333e-05,0.0001,293.15,0
0.00095,8.4333e-05,0.0001,293.15,0
0.0009625,8.4333e-05,0.0001,293.15,0
0.000975,8.4333e-05,0.0001,293.15,0
0.0009875,8.4333e-05,0.0001,293.15,0
0.001,8.4333e-05,0.0001,293.15,0
1.25e-05,8.8167e-05,0.0001,297.68,0
0,8.8167e-05,0.0001,294.26,0
2.5e-05,8.8167e-05,0.0001,302.58,0
3.75e-05,8.8167e-05,0.0001,308.24,0
5e-05,8.8167e-05,0.0001,315.03,0
6.25e-05,8.8167e-05,0.0001,323.38,0
7.5e-05,8.8167e-05,0.0001,333.71,0
8.75e-05,8.8167e-05,0.0001,346.43,0
0.0001,8.8167e-05,0.0001,361.98,0
0.0001125,8.8167e-05,0.0001,380.76,0
0.000125,8.8167e-05,0.0001,403.14,0
0.0001375,8.8167e-05,0.0001,429.44,0
0.00015,8.8167e-05,0.0001,459.92,0
0.0001625,8.8167e-05,0.0001,494.74,0
0.000175,8.8167e-05,0.0001,534.03,0
0.0001875,8.8167e-05,0.0001,577.83,0
0.0002,8.8167e-05,0.0001,626.14,0
0.0002125,8.8167e-05,0.0001,678.94,0
0.000225,8.8167e-05,0.0001,736.26,0
0.0002375,8.8167e-05,0.0001,798.17,0
0.00025,8.8167e-05,0.0001,864.84,0
0.0002625,8.8167e-05,0.0001,936.59,0
0.000275,8.8167e-05,0.0001,1013.9,0
0.0002875,8.8167e-05,0.0001,1097.5,0
0.0003,8.8167e-05,0.0001,1188.5,0
0.0003125,8.8167e-05,0.0001,1288.4,0
0.000325,8.8167e-05,0.0001,1399.2,0
0.0003375,8.8167e-05,0.0001,1524,0
0.00035,8.8167e-05,0.0001,1667.3,0
0.0003625,8.8167e-05,0.0001,1835.5,0
0.000375,8.8167e-05,0.0001,2036.9,0
0.0003875,8.8167e-05,0.0001,2280.7,0
0.0004,8.8167e-05,0.0001,2571.7,0
0.0004125,8.8167e-05,0.0001,2902.3,0
0.000425,8.8167e-05,0.0001,3245.6,0
0.0004375,8.8167e-05,0.0001,3555.5,0
0.00045,8.8167e-05,0.0001,3777.4,0
0.0004625,8.8167e-05,0.0001,3865,0
0.000475,8.8167e-05,0.0001,3792.9,0
0.0004875,8.8167e-05,0.0001,3558.6,0
0.0005,8.8167e-05,0.0001,3179.2,0
0.0005125,8.8167e-05,0.0001,2687.3,0
0.000525,8.8167e-05,0.0001,2135.5,0
0.0005375,8.8167e-05,0.0001,1594.4,0
0.00055,8.8167e-05,0.0001,1131,0
0.0005625,8.8167e-05,0.0001,784.7,0
0.000575,8.8167e-05,0.0001,558.64,0
0.0005875,8.8167e-05,0.0001,427.8,0
0.0006,8.8167e-05,0.0001,358.84,0
0.0006125,8.8167e-05,0.0001,324.66,0
0.000625,8.8167e-05,0.0001,308.24,0
0.0006375,8.8167e-05,0.0001,300.42,0
0.00065,8.8167e-05,0.0001,296.68,0
0.0006625,8.8167e-05,0.0001,294.87,0
0.000675,8.8167e-05,0.0001,294,0
0.0006875,8.8167e-05,0.0001,293.57,0
0.0007,8.8167e-05,0.0001,293.35,0
0.0007125,8.8167e-05,0.0001,293.25,0
0.000725,8.8167e-05,0.0001,293.2,0
0.0007375,8.8167e-05,0.0001,293.17,0
0.00075,8.8167e-05,0.0001,293.16,0
0.0007625,8.8167e-05,0.0001,293.16,0
0.000775,8.8167e-05,0.0001,293.15,0
0.0007875,8.8167e-05,0.0001,293.15,0
0.0008,8.8167e-05,0.0001,293.15,0
0.0008125,8.8167e-05,0.0001,293.15,0
0.000825,8.8167e-05,0.0001,293.15,0
0.0008375,8.8167e-05,0.0001,293.15,0
0.00085,8.8167e-05,0.0001,293.15,0
0.0008625,8.8167e-05,0.0001,293.15,0
0.000875,8.8167e-05,0.0001,293.15,0
0.0008875,8.8167e-05,0.0001,293.15,0
0.0009,8.8167e-05,0.0001,293.15,0
0.0009125,8.8167e-05,0.0001,293.15,0
0.000925,8.8167e-05,0.0001,293.15,0
0.0009375,8.8167e-05,0.0001,293.15,0
0.00095,8.8167e-05,0.0001,293.15,0
0.0009625,8.8167e-05,0.0001,293.15,0
0.000975,8.8167e-05,0.0001,293.15,0
0.0009875,8.8167e-05,0.0001,293.15,0
0.001,8.8167e-05,0.0001,293.15,0
1.25e-05,9.2e-05,0.0001,297.77,0
0,9.2e-05,0.0001,294.28,0
2.5e-05,9.2e-05,0.0001,302.76,0
3.75e-05,9.2e-05,0.0001,308.52,0
5e-05,9.2e-05,0.0001,315.44,0
6.25e-05,9.2e-05,0.0001,323.94,0
7.5e-05,9.2e-05,0.0001,334.46,0
8.75e-05,9.2e-05,0.0001,347.41,0
0.0001,9.2e-05,0.0001,363.24,0
0.0001125,9.2e-05,0.0001,382.35,0
0.000125,9.2e-05,0.0001,405.13,0
0.0001375,9.2e-05,0.0001,431.88,0
0.00015,9.2e-05,0.0001,462.87,0
0.0001625,9.2e-05,0.0001,498.27,0
0.000175,9.2e-05,0.0001,538.19,0
0.0001875,9.2e-05,0.0001,582.67,0
0.0002,9.2e-05,0.0001,631.71,0
0.0002125,9.2e-05,0.0001,685.3,0
0.000225,9.2e-05,0.0001,743.45,0
0.0002375,9.2e-05,0.0001,806.24,0
0.00025,9.2e-05,0.0001,873.84,0
0.0002625,9.2e-05,0.0001,946.6,0
0.000275,9.2e-05,0.0001,1025,0
0.0002875,9.2e-05,0.0001,1109.9,0
0.0003,9.2e-05,0.0001,1202.3,0
0.0003125,9.2e-05,0.0001,1303.8,0
0.000325,9.2e-05,0.0001,1416.6,0
0.0003375,9.2e-05,0.0001,1544,0
0.00035,9.2e-05,0.0001,1690.6,0
0.0003625,9.2e-05,0.0001,1863.5,0
0.000375,9.2e-05,0.0001,2071.5,0
0.0003875,9.2e-05,0.0001,2324.6,0
0.0004,9.2e-05,0.0001,2627.9,0
0.0004125,9.2e-05,0.0001,2973.7,0
0.000425,9.2e-05,0.0001,3333.3,0
0.0004375,9.2e-05,0.0001,3657.8,0
0.00045,9.2e-05,0.0001,3890.1,0
0.0004625,9.2e-05,0.0001,3982.5,0
0.000475,9.2e-05,0.0001,3909.8,0
0.0004875,9.2e-05,0.0001,3670.1,0
0.0005,9.2e-05,0.0001,3281.4,0
0.0005125,9.2e-05,0.0001,2776.9,0
0.000525,9.2e-05,0.0001,2208.7,0
0.0005375,9.2e-05,0.0001,1649,0
0.00055,9.2e-05,0.0001,1167.8,0
0.0005625,9.2e-05,0.0001,806.78,0
0.000575,9.2e-05,0.0001,570.43,0
0.0005875,9.2e-05,0.0001,433.5,0
0.0006,9.2e-05,0.0001,361.41,0
0.0006125,9.2e-05,0.0001,325.79,0
0.000625,9.2e-05,0.0001,308.73,0
0.0006375,9.2e-05,0.0001,300.64,0
0.00065,9.2e-05,0.0001,296.78,0
0.0006625,9.2e-05,0.0001,294.92,0
0.000675,9.2e-05,0.0001,294.02,0
0.0006875,9.2e-05,0.0001,293.57,0
0.0007,9.2e-05,0.0001,293.36,0
0.0007125,9.2e-05,0.0001,293.25,0
0.000725,9.2e-05,0.0001,293.2,0
0.0007375,9.2e-05,0.0001,293.17,0
0.00075,9.2e-05,0.0001,293.16,0
0.0007625,9.2e-05,0.0001,293.16,0
0.000775,9.2e-05,0.0001,293.15,0
0.0007875,9.2e-05,0.0001,293.15,0
0.0008,9.2e-05,0.0001,293.15,0
0.0008125,9.2e-05,0.0001,293.15,0
0.000825,9.2e-05,0.0001,293.15,0
0.0008375,9.2e-05,0.0001,293.15,0
0.00085,9.2e-05,0.0001,293.15,0
0.0008625,9.2e-05,0.0001,293.15,0
0.000875,9.2e-05,0.0001,293.15,0
0.0008875,9.2e-05,0.0001,293.15,0
0.0009,9.2e-05,0.0001,293.15,0
0.0009125,9.2e-05,0.0001,293.15,0
0.000925,9.2e-05,0.0001,293.15,0
0.0009375,9.2e-05,0.0001,293.15,0
0.00095,9.2e-05,0.0001,293.15,0
0.0009625,9.2e-05,0.0001,293.15,0
0.000975,9.2e-05,0.0001,293.15,0
0.0009875,9.2e-05,0.0001,293.15,0
0.001,9.2e-05,0.0001,293.15,0
1.25e-05,9.5833e-05,0.0001,297.84,0
0,9.5833e-05,0.0001,294.3,0
2.5e-05,9.5833e-05,0.0001,302.91,0
3.75e-05,9.5833e-05,0.0001,308.76,0
5e-05,9.5833e-05,0.0001,315.79,0
6.25e-05,9.5833e-05,0.0001,324.42,0
7.5e-05,9.5833e-05,0.0001,335.1,0
8.75e-05,9.5833e-05,0.0001,348.25,0
0.0001,9.5833e-05,0.0001,364.32,0
0.0001125,9.5833e-05,0.0001,383.71,0
0.000125,9.5833e-05,0.0001,406.82,0
0.0001375,9.5833e-05,0.0001,433.95,0
0.00015,9.5833e-05,0.0001,465.37,0
0.0001625,9.5833e-05,0.0001,501.26,0
0.000175,9.5833e-05,0.0001,541.71,0
0.0001875,9.5833e-05,0.0001,586.77,0
0.0002,9.5833e-05,0.0001,636.43,0
0.0002125,9.5833e-05,0.0001,690.68,0
0.000225,9.5833e-05,0.0001,749.53,0
0.0002375,9.5833e-05,0.0001,813.07,0
0.00025,9.5833e-05,0.0001,881.47,0
0.0002625,9.5833e-05,0.0001,955.08,0
0.000275,9.5833e-05,0.0001,1034.4,0
0.0002875,9.5833e-05,0.0001,1120.3,0
0.0003,9.5833e-05,0.0001,1213.9,0
0.0003125,9.5833e-05,0.0001,1316.8,0
0.000325,9.5833e-05,0.0001,1431.4,0
0.0003375,9.5833e-05,0.0001,1561,0
0.00035,9.5833e-05,0.0001,1710.6,0
0.0003625,9.5833e-05,0.0001,1887.4,0
0.000375,9.5833e-05,0.0001,2101.3,0
0.0003875,9.5833e-05,0.0001,2362.5,0
0.0004,9.5833e-05,0.0001,2676.9,0
0.0004125,9.5833e-05,0.0001,3036,0
0.000425,9.5833e-05,0.0001,3410,0
0.0004375,9.5833e-05,0.0001,3747.4,0
0.00045,9.5833e-05,0.0001,3988.7,0
0.0004625,9.5833e-05,0.0001,4085.1,0
0.000475,9.5833e-05,0.0001,4011.6,0
0.0004875,9.5833e-05,0.0001,3767.1,0
0.0005,9.5833e-05,0.0001,3370.4,0
0.0005125,9.5833e-05,0.0001,2854.9,0
0.000525,9.5833e-05,0.0001,2272.7,0
0.0005375,9.5833e-05,0.0001,1697,0
0.00055,9.5833e-05,0.0001,1200.2,0
0.0005625,9.5833e-05,0.0001,826.26,0
0.000575,9.5833e-05,0.0001,580.85,0
0.0005875,9.5833e-05,0.0001,438.54,0
0.0006,9.5833e-05,0.0001,363.69,0
0.0006125,9.5833e-05,0.0001,326.78,0
0.000625,9.5833e-05,0.0001,309.16,0
0.0006375,9.5833e-05,0.0001,300.82,0
0.00065,9.5833e-05,0.0001,296.86,0
0.0006625,9.5833e-05,0.0001,294.96,0
0.000675,9.5833e-05,0.0001,294.03,0
0.0006875,9.5833e-05,0.0001,293.58,0
0.0007,9.5833e-05,0.0001,293.36,0
0.0007125,9.5833e-05,0.0001,293.25,0
0.000725,9.5833e-05,0.0001,293.2,0
0.0007375,9.5833e-05,0.0001,293.17,0
0.00075,9.5833e-05,0.0001,293.16,0
0.0007625,9.5833e-05,0.0001,293.16,0
0.000775,9.5833e-05,0.0001,293.15,0
0.0007875,9.5833e-05,0.0001,293.15,0
0.0008,9.5833e-05,0.0001,293.15,0
0.0008125,9.5833e-05,0.0001,293.15,0
0.000825,9.5833e-05,0.0001,293.15,0
0.0008375,9.5833e-05,0.0001,293.15,0
0.00085,9.5833e-05,0.0001,293.15,0
0.0008625,9.5833e-05,0.0001,293.15,0
0.000875,9.5833e-05,0.0001,293.15,0
0.0008875,9.5833e-05,0.0001,293.15,0
0.0009,9.5833e-05,0.0001,293.15,0
0.0009125,9.5833e-05,0.0001,293.15,0
0.000925,9.5833e-05,0.0001,293.15,0
0.0009375,9.5833e-05,0.0001,293.15,0
0.00095,9.5833e-05,0.0001,293.15,0
0.0009625,9.5833e-05,0.0001,293.15,0
0.000975,9.5833e-05,0.0001,293.15,0
0.0009875,9.5833e-05,0.0001,293.15,0
0.001,9.5833e-05,0.0001,293.15,0
1.25e-05,9.9667e-05,0.0001,297.9,0
0,9.9667e-05,0.0001,294.31,0
2.5e-05,9.9667e-05,0.0001,303.04,0
3.75e-05,9.9667e-05,0.0001,308.96,0
5e-05,9.9667e-05,0.0001,316.07,0
6.25e-05,9.9667e-05,0.0001,324.82,0
7.5e-05,9.9667e-05,0.0001,335.62,0
8.75e-05,9.9667e-05,0.0001,348.94,0
0.0001,9.9667e-05,0.0001,365.2,0
0.0001125,9.9667e-05,0.0001,384.83,0
0.000125,9.9667e-05,0.0001,408.2,0
0.0001375,9.9667e-05,0.0001,435.65,0
0.00015,9.9667e-05,0.0001,467.43,0
0.0001625,9.9667e-05,0.0001,503.71,0
0.000175,9.9667e-05,0.0001,544.6,0
0.0001875,9.9667e-05,0.0001,590.13,0
0.0002,9.9667e-05,0.0001,640.3,0
0.0002125,9.9667e-05,0.0001,695.09,0
0.000225,9.9667e-05,0.0001,754.52,0
0.0002375,9.9667e-05,0.0001,818.66,0
0.00025,9.9667e-05,0.0001,887.71,0
0.0002625,9.9667e-05,0.0001,962.02,0
0.000275,9.9667e-05,0.0001,1042.1,0
0.0002875,9.9667e-05,0.0001,1128.9,0
0.0003,9.9667e-05,0.0001,1223.5,0
0.0003125,9.9667e-05,0.0001,1327.6,0
0.000325,9.9667e-05,0.0001,1443.5,0
0.0003375,9.9667e-05,0.0001,1574.9,0
0.00035,9.9667e-05,0.0001,1727,0
0.0003625,9.9667e-05,0.0001,1907.3,0
0.000375,9.9667e-05,0.0001,2126,0
0.0003875,9.9667e-05,0.0001,2394.2,0
0.0004,9.9667e-05,0.0001,2717.9,0
0.0004125,9.9667e-05,0.0001,3088.5,0
0.000425,9.9667e-05,0.0001,3474.6,0
0.0004375,9.9667e-05,0.0001,3822.9,0
0.00045,9.9667e-05,0.0001,4071.6,0
0.0004625,9.9667e-05,0.0001,4171.3,0
0.000475,9.9667e-05,0.0001,4096.9,0
0.0004875,9.9667e-05,0.0001,3848.4,0
0.0005,9.9667e-05,0.0001,3444.9,0
0.0005125,9.9667e-05,0.0001,2920.3,0
0.000525,9.9667e-05,0.0001,2326.4,0
0.0005375,9.9667e-05,0.0001,1737.4,0
0.00055,9.9667e-05,0.0001,1227.5,0
0.0005625,9.9667e-05,0.0001,842.78,0
0.000575,9.9667e-05,0.0001,589.69,0
0.0005875,9.9667e-05,0.0001,442.82,0
0.0006,9.9667e-05,0.0001,365.61,0
0.0006125,9.9667e-05,0.0001,327.61,0
0.000625,9.9667e-05,0.0001,309.52,0
0.0006375,9.9667e-05,0.0001,300.98,0
0.00065,9.9667e-05,0.0001,296.93,0
0.0006625,9.9667e-05,0.0001,294.99,0
0.000675,9.9667e-05,0.0001,294.05,0
0.0006875,9.9667e-05,0.0001,293.59,0
0.0007,9.9667e-05,0.0001,293.37,0
0.0007125,9.9667e-05,0.0001,293.26,0
0.000725,9.9667e-05,0.0001,293.2,0
0.0007375,9.9667e-05,0.0001,293.18,0
0.00075,9.9667e-05,0.0001,293.16,0
0.0007625,9.9667e-05,0.0001,293.16,0
0.000775,9.9667e-05,0.0001,293.15,0
0.0007875,9.9667e-05,0.0001,293.15,0
0.0008,9.9667e-05,0.0001,293.15,0
0.0008125,9.9667e-05,0.0001,293.15,0
0.000825,9.9667e-05,0.0001,293.15,0
0.0008375,9.9667e-05,0.0001,293.15,0
0.00085,9.9667e-05,0.0001,293.15,0
0.0008625,9.9667e-05,0.0001,293.15,0
0.000875,9.9667e-05,0.0001,293.15,0
0.0008875,9.9667e-05,0.0001,293.15,0
0.0009,9.9667e-05,0.0001,293.15,0
0.0009125,9.9667e-05,0.0001,293.15,0
0.000925,9.9667e-05,0.0001,293.15,0
0.0009375,9.9667e-05,0.0001,293.15,0
0.00095,9.9667e-05,0.0001,293.15,0
0.0009625,9.9667e-05,0.0001,293.15,0
0.000975,9.9667e-05,0.0001,293.15,0
0.0009875,9.9667e-05,0.0001,293.15,0
0.001,9.9667e-05,0.0001,293.15,0
1.25e-05,0.0001035,0.0001,297.95,0
0,0.0001035,0.0001,294.33,0
2.5e-05,0.0001035,0.0001,303.13,0
3.75e-05,0.0001035,0.0001,309.11,0
5e-05,0.0001035,0.0001,316.3,0
6.25e-05,0.0001035,0.0001,325.12,0
7.5e-05,0.0001035,0.0001,336.03,0
8.75e-05,0.0001035,0.0001,349.47,0
0.0001,0.0001035,0.0001,365.89,0
0.0001125,0.0001035,0.0001,385.7,0
0.000125,0.0001035,0.0001,409.29,0
0.0001375,0.0001035,0.0001,436.98,0
0.00015,0.0001035,0.0001,469.04,0
0.0001625,0.0001035,0.0001,505.63,0
0.000175,0.0001035,0.0001,546.86,0
0.0001875,0.0001035,0.0001,592.76,0
0.0002,0.0001035,0.0001,643.32,0
0.0002125,0.0001035,0.0001,698.53,0
0.000225,0.0001035,0.0001,758.4,0
0.0002375,0.0001035,0.0001,823.02,0
0.00025,0.0001035,0.0001,892.57,0
0.0002625,0.0001035,0.0001,967.43,0
0.000275,0.0001035,0.0001,1048.1,0
0.0002875,0.0001035,0.0001,1135.6,0
0.0003,0.0001035,0.0001,1230.9,0
0.0003125,0.0001035,0.0001,1335.9,0
0.000325,0.0001035,0.0001,1453,0
0.0003375,0.0001035,0.0001,1585.8,0
0.00035,0.0001035,0.0001,1739.8,0
0.0003625,0.0001035,0.0001,1922.9,0
0.000375,0.0001035,0.0001,2145.5,0
0.0003875,0.0001035,0.0001,2419.3,0
0.0004,0.0001035,0.0001,2750.5,0
0.0004125,0.0001035,0.0001,3130.3,0
0.000425,0.0001035,0.0001,3526.1,0
0.0004375,0.0001035,0.0001,3883,0
0.00045,0.0001035,0.0001,4137.6,0
0.0004625,0.0001035,0.0001,4239.7,0
0.000475,0.0001035,0.0001,4164.6,0
0.0004875,0.0001035,0.0001,3912.7,0
0.0005,0.0001035,0.0001,3503.9,0
0.0005125,0.0001035,0.0001,2972.1,0
0.000525,0.0001035,0.0001,2369.2,0
0.0005375,0.0001035,0.0001,1769.6,0
0.00055,0.0001035,0.0001,1249.4,0
0.0005625,0.0001035,0.0001,855.99,0
0.000575,0.0001035,0.0001,596.78,0
0.0005875,0.0001035,0.0001,446.24,0
0.0006,0.0001035,0.0001,367.15,0
0.0006125,0.0001035,0.0001,328.28,0
0.000625,0.0001035,0.0001,309.8,0
0.0006375,0.0001035,0.0001,301.1,0
0.00065,0.0001035,0.0001,296.98,0
0.0006625,0.0001035,0.0001,295.01,0
0.000675,0.0001035,0.0001,294.06,0
0.0006875,0.0001035,0.0001,293.6,0
0.0007,0.0001035,0.0001,293.37,0
0.0007125,0.0001035,0.0001,293.26,0
0.000725,0.0001035,0.0001,293.2,0
0.0007375,0.0001035,0.0001,293.18,0
0.00075,0.0001035,0.0001,293.16,0
0.0007625,0.0001035,0.0001,293.16,0
0.000775,0.0001035,0.0001,293.15,0
0.0007875,0.0001035,0.0001,293.15,0
0.0008,0.0001035,0.0001,293.15,0
0.0008125,0.0001035,0.0001,293.15,0
0.000825,0.0001035,0.0001,293.15,0
0.0008375,0.0001035,0.0001,293.15,0
0.00085,0.0001035,0.0001,293.15,0
0.0008625,0.0001035,0.0001,293.15,0
0.000875,0.0001035,0.0001,293.15,0
0.0008875,0.0001035,0.0001,293.15,0
0.0009,0.0001035,0.0001,293.15,0
0.0009125,0.0001035,0.0001,293.15,0
0.000925,0.0001035,0.0001,293.15,0
0.0009375,0.0001035,0.0001,293.15,0
0.00095,0.0001035,0.0001,293.15,0
0.0009625,0.0001035,0.0001,293.15,0
0.000975,0.0001035,0.0001,293.15,0
0.0009875,0.0001035,0.0001,293.15,0
0.001,0.0001035,0.0001,293.15,0
1.25e-05,0.00010733,0.0001,297.98,0
0,0.00010733,0.0001,294.33,0
2.5e-05,0.00010733,0.0001,303.2,0
3.75e-05,0.00010733,0.0001,309.22,0
5e-05,0.00010733,0.0001,316.46,0
6.25e-05,0.00010733,0.0001,325.34,0
7.5e-05,0.00010733,0.0001,336.33,0
8.75e-05,0.00010733,0.0001,349.86,0
0.0001,0.00010733,0.0001,366.38,0
0.0001125,0.00010733,0.0001,386.32,0
0.000125,0.00010733,0.0001,410.06,0
0.0001375,0.00010733,0.0001,437.93,0
0.00015,0.00010733,0.0001,470.18,0
0.0001625,0.00010733,0.0001,507,0
0.000175,0.00010733,0.0001,548.47,0
0.0001875,0.00010733,0.0001,594.63,0
0.0002,0.00010733,0.0001,645.48,0
0.0002125,0.00010733,0.0001,700.99,0
0.000225,0.00010733,0.0001,761.18,0
0.0002375,0.00010733,0.0001,826.13,0
0.00025,0.00010733,0.0001,896.05,0
0.0002625,0.00010733,0.0001,971.29,0
0.000275,0.00010733,0.0001,1052.4,0
0.0002875,0.00010733,0.0001,1140.3,0
0.0003,0.00010733,0.0001,1236.2,0
0.0003125,0.00010733,0.0001,1341.9,0
0.000325,0.00010733,0.0001,1459.8,0
0.0003375,0.00010733,0.0001,1593.7,0
0.00035,0.00010733,0.0001,1749.1,0
0.0003625,0.00010733,0.0001,1934.1,0
0.000375,0.00010733,0.0001,2159.6,0
0.0003875,0.00010733,0.0001,2437.4,0
0.0004,0.00010733,0.0001,2774.1,0
0.0004125,0.00010733,0.0001,3160.6,0
0.000425,0.00010733,0.0001,3563.6,0
0.0004375,0.00010733,0.0001,3926.7,0
0.00045,0.00010733,0.0001,4185.5,0
0.0004625,0.00010733,0.0001,4289.3,0
0.000475,0.00010733,0.0001,4213.7,0
0.0004875,0.00010733,0.0001,3959.3,0
0.0005,0.00010733,0.0001,3546.6,0
0.0005125,0.00010733,0.0001,3009.7,0
0.000525,0.00010733,0.0001,2400.2,0
0.0005375,0.00010733,0.0001,1793,0
0.00055,0.00010733,0.0001,1265.3,0
0.0005625,0.00010733,0.0001,865.63,0
0.000575,0.00010733,0.0001,601.95,0
0.0005875,0.00010733,0.0001,448.74,0
0.0006,0.00010733,0.0001,368.27,0
0.0006125,0.00010733,0.0001,328.76,0
0.000625,0.00010733,0.0001,310.01,0
0.0006375,0.00010733,0.0001,301.19,0
0.00065,0.00010733,0.0001,297.02,0
0.0006625,0.00010733,0.0001,295.03,0
0.000675,0.00010733,0.0001,294.07,0
0.0006875,0.00010733,0.0001,293.6,0
0.0007,0.00010733,0.0001,293.37,0
0.0007125,0.00010733,0.0001,293.26,0
0.000725,0.00010733,0.0001,293.2,0
0.0007375,0.00010733,0.0001,293.18,0
0.00075,0.00010733,0.0001,293.16,0
0.0007625,0.00010733,0.0001,293.16,0
0.000775,0.00010733,0.0001,293.15,0
0.0007875,0.00010733,0.0001,293.15,0
0.0008,0.00010733,0.0001,293.15,0
0.0008125,0.00010733,0.0001,293.15,0
0.000825,0.00010733,0.0001,293.15,0
0.0008375,0.00010733,0.0001,293.15,0
0.00085,0.00010733,0.0001,293.15,0
0.0008625,0.00010733,0.0001,293.15,0
0.000875,0.00010733,0.0001,293.15,0
0.0008875,0.00010733,0.0001,293.15,0
0.0009,0.00010733,0.0001,293.15,0
0.0009125,0.00010733,0.0001,293.15,0
0.000925,0.00010733,0.0001,293.15,0
0.0009375,0.00010733,0.0001,293.15,0
0.00095,0.00010733,0.0001,293.15,0
0.0009625,0.00010733,0.0001,293.15,0
0.000975,0.00010733,0.0001,293.15,0
0.0009875,0.00010733,0.0001,293.15,0
0.001,0.00010733,0.0001,293.15,0
1.25e-05,0.00011117,0.0001,298,0
0,0.00011117,0.0001,294.34,0
2.5e-05,0.00011117,0.0001,303.24,0
3.75e-05,0.00011117,0.0001,309.29,0
5e-05,0.00011117,0.0001,316.55,0
6.25e-05,0.00011117,0.0001,325.48,0
7.5e-05,0.00011117,0.0001,336.5,0
8.75e-05,0.00011117,0.0001,350.09,0
0.0001,0.00011117,0.0001,366.68,0
0.0001125,0.00011117,0.0001,386.69,0
0.000125,0.00011117,0.0001,410.53,0
0.0001375,0.00011117,0.0001,438.5,0
0.00015,0.00011117,0.0001,470.87,0
0.0001625,0.00011117,0.0001,507.82,0
0.000175,0.00011117,0.0001,549.44,0
0.0001875,0.00011117,0.0001,595.76,0
0.0002,0.00011117,0.0001,646.77,0
0.0002125,0.00011117,0.0001,702.46,0
0.000225,0.00011117,0.0001,762.84,0
0.0002375,0.00011117,0.0001,828,0
0.00025,0.00011117,0.0001,898.13,0
0.0002625,0.00011117,0.0001,973.61,0
0.000275,0.00011117,0.0001,1055,0
0.0002875,0.00011117,0.0001,1143.2,0
0.0003,0.00011117,0.0001,1239.4,0
0.0003125,0.00011117,0.0001,1345.5,0
0.000325,0.00011117,0.0001,1463.9,0
0.0003375,0.00011117,0.0001,1598.4,0
0.00035,0.00011117,0.0001,1754.6,0
0.0003625,0.00011117,0.0001,1940.8,0
0.000375,0.00011117,0.0001,2168.1,0
0.0003875,0.00011117,0.0001,2448.4,0
0.0004,0.00011117,0.0001,2788.4,0
0.0004125,0.00011117,0.0001,3179,0
0.000425,0.00011117,0.0001,3586.3,0
0.0004375,0.00011117,0.0001,3953.2,0
0.00045,0.00011117,0.0001,4214.6,0
0.0004625,0.00011117,0.0001,4319.4,0
0.000475,0.00011117,0.0001,4243.4,0
0.0004875,0.00011117,0.0001,3987.6,0
0.0005,0.00011117,0.0001,3572.4,0
0.0005125,0.00011117,0.0001,3032.5,0
0.000525,0.00011117,0.0001,2419,0
0.0005375,0.00011117,0.0001,1807.2,0
0.00055,0.00011117,0.0001,1275,0
0.0005625,0.00011117,0.0001,871.49,0
0.000575,0.00011117,0.0001,605.1,0
0.0005875,0.00011117,0.0001,450.26,0
0.0006,0.00011117,0.0001,368.95,0
0.0006125,0.00011117,0.0001,329.05,0
0.000625,0.00011117,0.0001,310.14,0
0.0006375,0.00011117,0.0001,301.25,0
0.00065,0.00011117,0.0001,297.05,0
0.0006625,0.00011117,0.0001,295.04,0
0.000675,0.00011117,0.0001,294.07,0
0.0006875,0.00011117,0.0001,293.6,0
0.0007,0.00011117,0.0001,293.37,0
0.0007125,0.00011117,0.0001,293.26,0
0.000725,0.00011117,0.0001,293.2,0
0.0007375,0.00011117,0.0001,293.18,0
0.00075,0.00011117,0.0001,293.16,0
0.0007625,0.00011117,0.0001,293.16,0
0.000775,0.00011117,0.0001,293.15,0
0.0007875,0.00011117,0.0001,293.15,0
0.0008,0.00011117,0.0001,293.15,0
0.0008125,0.00011117,0.0001,293.15,0
0.000825,0.00011117,0.0001,293.15,0
0.0008375,0.00011117,0.0001,293.15,0
0.00085,0.00011117,0.0001,293.15,0
0.0008625,0.00011117,0.0001,293.15,0
0.000875,0.00011117,0.0001,293.15,0
0.0008875,0.00011117,0.0001,293.15,0
0.0009,0.00011117,0.0001,293.15,0
0.0009125,0.00011117,0.0001,293.15,0
0.000925,0.00011117,0.0001,293.15,0
0.0009375,0.00011117,0.0001,293.15,0
0.00095,0.00011117,0.0001,293.15,0
0.0009625,0.00011117,0.0001,293.15,0
0.000975,0.00011117,0.0001,293.15,0
0.0009875,0.00011117,0.0001,293.15,0
0.001,0.00011117,0.0001,293.15,0
1.25e-05,0.000115,0.0001,298.01,0
0,0.000115,0.0001,294.34,0
2.5e-05,0.000115,0.0001,303.26,0
3.75e-05,0.000115,0.0001,309.31,0
5e-05,0.000115,0.0001,316.58,0
6.25e-05,0.000115,0.0001,325.52,0
7.5e-05,0.000115,0.0001,336.56,0
8.75e-05,0.000115,0.0001,350.16,0
0.0001,0.000115,0.0001,366.77,0
0.0001125,0.000115,0.0001,386.82,0
0.000125,0.000115,0.0001,410.68,0
0.0001375,0.000115,0.0001,438.69,0
0.00015,0.000115,0.0001,471.1,0
0.0001625,0.000115,0.0001,508.09,0
0.000175,0.000115,0.0001,549.76,0
0.0001875,0.000115,0.0001,596.13,0
0.0002,0.000115,0.0001,647.2,0
0.0002125,0.000115,0.0001,702.95,0
0.000225,0.000115,0.0001,763.4,0
0.0002375,0.000115,0.0001,828.62,0
0.00025,0.000115,0.0001,898.83,0
0.0002625,0.000115,0.0001,974.38,0
0.000275,0.000115,0.0001,1055.9,0
0.0002875,0.000115,0.0001,1144.2,0
0.0003,0.000115,0.0001,1240.5,0
0.0003125,0.000115,0.0001,1346.7,0
0.000325,0.000115,0.0001,1465.2,0
0.0003375,0.000115,0.0001,1599.9,0
0.00035,0.000115,0.0001,1756.5,0
0.0003625,0.000115,0.0001,1943.1,0
0.000375,0.000115,0.0001,2170.9,0
0.0003875,0.000115,0.0001,2452.1,0
0.0004,0.000115,0.0001,2793.2,0
0.0004125,0.000115,0.0001,3185.2,0
0.000425,0.000115,0.0001,3593.9,0
0.0004375,0.000115,0.0001,3962.1,0
0.00045,0.000115,0.0001,4224.3,0
0.0004625,0.000115,0.0001,4329.5,0
0.000475,0.000115,0.0001,4253.3,0
0.0004875,0.000115,0.0001,3997,0
0.0005,0.000115,0.0001,3581.1,0
0.0005125,0.000115,0.0001,3040.1,0
0.000525,0.000115,0.0001,2425.3,0
0.0005375,0.000115,0.0001,1811.9,0
0.00055,0.000115,0.0001,1278.2,0
0.0005625,0.000115,0.0001,873.46,0
0.000575,0.000115,0.0001,606.15,0
0.0005875,0.000115,0.0001,450.77,0
0.0006,0.000115,0.0001,369.18,0
0.0006125,0.000115,0.0001,329.15,0
0.000625,0.000115,0.0001,310.18,0
0.0006375,0.000115,0.0001,301.27,0
0.00065,0.000115,0.0001,297.06,0
0.0006625,0.000115,0.0001,295.05,0
0.000675,0.000115,0.0001,294.07,0
0.0006875,0.000115,0.0001,293.6,0
0.0007,0.000115,0.0001,293.37,0
0.0007125,0.000115,0.0001,293.26,0
0.000725,0.000115,0.0001,293.2,0
0.0007375,0.000115,0.0001,293.18,0
0.00075,0.000115,0.0001,293.16,0
0.0007625,0.000115,0.0001,293.16,0
0.000775,0.000115,0.0001,293.15,0
0.0007875,0.000115,0.0001,293.15,0
0.0008,0.000115,0.0001,293.15,0
0.0008125,0.000115,0.0001,293.15,0
0.000825,0.000115,0.0001,293.15,0
0.0008375,0.000115,0.0001,293.15,0
0.00085,0.000115,0.0001,293.15,0
0.0008625,0.000115,0.0001,293.15,0
0.000875,0.000115,0.0001,293.15,0
0.0008875,0.000115,0.0001,293.15,0
0.0009,0.000115,0.0001,293.15,0
0.0009125,0.000115,0.0001,293.15,0
0.000925,0.000115,0.0001,293.15,0
0.0009375,0.000115,0.0001,293.15,0
0.00095,0.000115,0.0001,293.15,0
0.0009625,0.000115,0.0001,293.15,0
0.000975,0.000115,0.0001,293.15,0
0.0009875,0.000115,0.0001,293.15,0
0.001,0.000115,0.0001,293.15,0
1.25e-05,0.00011883,0.0001,298,0
0,0.00011883,0.0001,294.34,0
2.5e-05,0.00011883,0.0001,303.24,0
3.75e-05,0.00011883,0.0001,309.29,0
5e-05,0.00011883,0.0001,316.55,0
6.25e-05,0.00011883,0.0001,325.48,0
7.5e-05,0.00011883,0.0001,336.5,0
8.75e-05,0.00011883,0.0001,350.09,0
0.0001,0.00011883,0.0001,366.68,0
0.0001125,0.00011883,0.0001,386.69,0
0.000125,0.00011883,0.0001,410.53,0
0.0001375,0.00011883,0.0001,438.5,0
0.00015,0.00011883,0.0001,470.87,0
0.0001625,0.00011883,0.0001,507.82,0
0.000175,0.00011883,0.0001,549.44,0
0.0001875,0.00011883,0.0001,595.76,0
0.0002,0.00011883,0.0001,646.77,0
0.0002125,0.00011883,0.0001,702.46,0
0.000225,0.00011883,0.0001,762.84,0
0.0002375,0.00011883,0.0001,828,0
0.00025,0.00011883,0.0001,898.13,0
0.0002625,0.00011883,0.0001,973.61,0
0.000275,0.00011883,0.0001,1055,0
0.0002875,0.00011883,0.0001,1143.2,0
0.0003,0.00011883,0.0001,1239.4,0
0.0003125,0.00011883,0.0001,1345.5,0
0.000325,0.00011883,0.0001,1463.9,0
0.0003375,0.00011883,0.0001,1598.4,0
0.00035,0.00011883,0.0001,1754.6,0
0.0003625,0.00011883,0.0001,1940.8,0
0.000375,0.00011883,0.0001,2168.1,0
0.0003875,0.00011883,0.0001,2448.4,0
0.0004,0.00011883,0.0001,2788.4,0
0.0004125,0.00011883,0.0001,3179,0
0.000425,0.00011883,0.0001,3586.3,0
0.0004375,0.00011883,0.0001,3953.2,0
0.00045,0.00011883,0.0001,4214.6,0
0.0004625,0.00011883,0.0001,4319.4,0
0.000475,0.00011883,0.0001,4243.4,0
0.0004875,0.00011883,0.0001,3987.6,0
0.0005,0.00011883,0.0001,3572.4,0
0.0005125,0.00011883,0.0001,3032.5,0
0.000525,0.00011883,0.0001,2419,0
0.0005375,0.00011883,0.0001,1807.2,0
0.00055,0.00011883,0.0001,1275,0
0.0005625,0.00011883,0.0001,871.49,0
0.000575,0.00011883,0.0001,605.1,0
0.0005875,0.00011883,0.0001,450.26,0
0.0006,0.00011883,0.0001,368.95,0
0.0006125,0.00011883,0.0001,329.05,0
0.000625,0.00011883,0.0001,310.14,0
0.0006375,0.00011883,0.0001,301.25,0
0.00065,0.00011883,0.0001,297.05,0
0.0006625,0.00011883,0.0001,295.04,0
0.000675,0.00011883,0.0001,294.07,0
0.0006875,0.00011883,0.0001,293.6,0
0.0007,0.00011883,0.0001,293.37,0
0.0007125,0.00011883,0.0001,293.26,0
0.000725,0.00011883,0.0001,293.2,0
0.0007375,0.00011883,0.0001,293.18,0
0.00075,0.00011883,0.0001,293.16,0
0.0007625,0.00011883,0.0001,293.16,0
0.000775,0.00011883,0.0001,293.15,0
0.0007875,0.00011883,0.0001,293.15,0
0.0008,0.00011883,0.0001,293.15,0
0.0008125,0.00011883,0.0001,293.15,0
0.000825,0.00011883,0.0001,293.15,0
0.0008375,0.00011883,0.0001,293.15,0
0.00085,0.00011883,0.0001,293.15,0
0.0008625,0.00011883,0.0001,293.15,0
0.000875,0.00011883,0.0001,293.15,0
0.0008875,0.00011883,0.0001,293.15,0
0.0009,0.00011883,0.0001,293.15,0
0.0009125,0.00011883,0.0001,293.15,0
0.000925,0.00011883,0.0001,293.15,0
0.0009375,0.00011883,0.0001,293.15,0
0.00095,0.00011883,0.0001,293.15,0
0.0009625,0.00011883,0.0001,293.15,0
0.000975,0.00011883,0.0001,293.15,0
0.0009875,0.00011883,0.0001,293.15,0
0.001,0.00011883,0.0001,293.15,0
1.25e-05,0.00012267,0.0001,297.98,0
0,0.00012267,0.0001,294.33,0
2.5e-05,0.00012267,0.0001,303.2,0
3.75e-05,0.00012267,0.0001,309.22,0
5e-05,0.00012267,0.0001,316.46,0
6.25e-05,0.00012267,0.0001,325.34,0
7.5e-05,0.00012267,0.0001,336.33,0
8.75e-05,0.00012267,0.0001,349.86,0
0.0001,0.00012267,0.0001,366.38,0
0.0001125,0.00012267,0.0001,386.32,0
0.000125,0.00012267,0.0001,410.06,0
0.0001375,0.00012267,0.0001,437.93,0
0.00015,0.00012267,0.0001,470.18,0
0.0001625,0.00012267,0.0001,507,0
0.000175,0.00012267,0.0001,548.47,0
0.0001875,0.00012267,0.0001,594.63,0
0.0002,0.00012267,0.0001,645.48,0
0.0002125,0.00012267,0.0001,700.99,0
0.000225,0.00012267,0.0001,761.18,0
0.0002375,0.00012267,0.0001,826.13,0
0.00025,0.00012267,0.0001,896.05,0
0.0002625,0.00012267,0.0001,971.29,0
0.000275,0.00012267,0.0001,1052.4,0
0.0002875,0.00012267,0.0001,1140.3,0
0.0003,0.00012267,0.0001,1236.2,0
0.0003125,0.00012267,0.0001,1341.9,0
0.000325,0.00012267,0.0001,1459.8,0
0.0003375,0.00012267,0.0001,1593.7,0
0.00035,0.00012267,0.0001,1749.1,0
0.0003625,0.00012267,0.0001,1934.1,0
0.000375,0.00012267,0.0001,2159.6,0
0.0003875,0.00012267,0.0001,2437.4,0
0.0004,0.00012267,0.0001,2774.1,0
0.0004125,0.00012267,0.0001,3160.6,0
0.000425,0.00012267,0.0001,3563.6,0
0.0004375,0.00012267,0.0001,3926.7,0
0.00045,0.00012267,0.0001,4185.5,0
0.0004625,0.00012267,0.0001,4289.3,0
0.000475,0.00012267,0.0001,4213.7,0
0.0004875,0.00012267,0.0001,3959.3,0
0.0005,0.00012267,0.0001,3546.6,0
0.0005125,0.00012267,0.0001,3009.7,0
0.000525,0.00012267,0.0001,2400.2,0
0.0005375,0.00012267,0.0001,1793,0
0.00055,0.00012267,0.0001,1265.3,0
0.0005625,0.00012267,0.0001,865.63,0
0.000575,0.00012267,0.0001,601.95,0
0.0005875,0.00012267,0.0001,448.74,0
0.0006,0.00012267,0.0001,368.27,0
0.0006125,0.00012267,0.0001,328.76,0
0.000625,0.00012267,0.0001,310.01,0
0.0006375,0.00012267,0.0001,301.19,0
0.00065,0.00012267,0.0001,297.02,0
0.0006625,0.00012267,0.0001,295.03,0
0.000675,0.00012267,0.0001,294.07,0
0.0006875,0.00012267,0.0001,293.6,0
0.0007,0.00012267,0.0001,293.37,0
0.0007125,0.00012267,0.0001,293.26,0
0.000725,0.00012267,0.0001,293.2,0
0.0007375,0.00012267,0.0001,293.18,0
0.00075,0.00012267,0.0001,293.16,0
0.0007625,0.00012267,0.0001,293.16,0
0.000775,0.00012267,0.0001,293.15,0
0.0007875,0.00012267,0.0001,293.15,0
0.0008,0.00012267,0.0001,293.15,0
0.0008125,0.00012267,0.0001,293.15,0
0.000825,0.00012267,0.0001,293.15,0
0.0008375,0.00012267,0.0001,293.15,0
0.00085,0.00012267,0.0001,293.15,0
0.0008625,0.00012267,0.0001,293.15,0
0.000875,0.00012267,0.0001,293.15,0
0.0008875,0.00012267,0.0001,293.15,0
0.0009,0.00012267,0.0001,293.15,0
0.0009125,0.00012267,0.0001,293.15,0
0.000925,0.00012267,0.0001,293.15,0
0.0009375,0.00012267,0.0001,293.15,0
0.00095,0.00012267,0.0001,293.15,0
0.0009625,0.00012267,0.0001,293.15,0
0.000975,0.00012267,0.0001,293.15,0
0.0009875,0.00012267,0.0001,293.15,0
0.001,0.00012267,0.0001,293.15,0
1.25e-05,0.0001265,0.0001,297.95,0
0,0.0001265,0.0001,294.33,0
2.5e-05,0.0001265,0.0001,303.13,0
3.75e-05,0.0001265,0.0001,309.11,0
5e-05,0.0001265,0.0001,316.3,0
6.25e-05,0.0001265,0.0001,325.12,0
7.5e-05,0.0001265,0.0001,336.03,0
8.75e-05,0.0001265,0.0001,349.47,0
0.0001,0.0001265,0.0001,365.89,0
0.0001125,0.0001265,0.0001,385.7,0
0.000125,0.0001265,0.0001,409.29,0
0.0001375,0.0001265,0.0001,436.98,0
0.00015,0.0001265,0.0001,469.04,0
0.0001625,0.0001265,0.0001,505.63,0
0.000175,0.0001265,0.0001,546.86,0
0.0001875,0.0001265,0.0001,592.76,0
0.0002,0.0001265,0.0001,643.32,0
0.0002125,0.0001265,0.0001,698.53,0
0.000225,0.0001265,0.0001,758.4,0
0.0002375,0.0001265,0.0001,823.02,0
0.00025,0.0001265,0.0001,892.58,0
0.0002625,0.0001265,0.0001,967.43,0
0.000275,0.0001265,0.0001,1048.2,0
0.0002875,0.0001265,0.0001,1135.6,0
0.0003,0.0001265,0.0001,1230.9,0
0.0003125,0.0001265,0.0001,1335.9,0
0.000325,0.0001265,0.0001,1453,0
0.0003375,0.0001265,0.0001,1585.8,0
0.00035,0.0001265,0.0001,1739.8,0
0.0003625,0.0001265,0.0001,1922.9,0
0.000375,0.0001265,0.0001,2145.5,0
0.0003875,0.0001265,0.0001,2419.3,0
0.0004,0.0001265,0.0001,2750.5,0
0.0004125,0.0001265,0.0001,3130.3,0
0.000425,0.0001265,0.0001,3526.1,0
0.0004375,0.0001265,0.0001,3883,0
0.00045,0.0001265,0.0001,4137.6,0
0.0004625,0.0001265,0.0001,4239.7,0
0.000475,0.0001265,0.0001,4164.6,0
0.0004875,0.0001265,0.0001,3912.7,0
0.0005,0.0001265,0.0001,3503.9,0
0.0005125,0.0001265,0.0001,2972.1,0
0.000525,0.0001265,0.0001,2369.2,0
0.0005375,0.0001265,0.0001,1769.6,0
0.00055,0.0001265,0.0001,1249.4,0
0.0005625,0.0001265,0.0001,855.99,0
0.000575,0.0001265,0.0001,596.77,0
0.0005875,0.0001265,0.0001,446.24,0
0.0006,0.0001265,0.0001,367.15,0
0.0006125,0.0001265,0.0001,328.28,0
0.000625,0.0001265,0.0001,309.8,0
0.0006375,0.0001265,0.0001,301.1,0
0.00065,0.0001265,0.0001,296.98,0
0.0006625,0.0001265,0.0001,295.01,0
0.000675,0.0001265,0.0001,294.06,0
0.0006875,0.0001265,0.0001,293.6,0
0.0007,0.0001265,0.0001,293.37,0
0.0007125,0.0001265,0.0001,293.26,0
0.000725,0.0001265,0.0001,293.2,0
0.0007375,0.0001265,0.0001,293.18,0
0.00075,0.0001265,0.0001,293.16,0
0.0007625,0.0001265,0.0001,293.16,0
0.000775,0.0001265,0.0001,293.15,0
0.0007875,0.0001265,0.0001,293.15,0
0.0008,0.0001265,0.0001,293.15,0
0.0008125,0.0001265,0.0001,293.15,0
0.000825,0.0001265,0.0001,293.15,0
0.0008375,0.0001265,0.0001,293.15,0
0.00085,0.0001265,0.0001,293.15,0
0.0008625,0.0001265,0.0001,293.15,0
0.000875,0.0001265,0.0001,293.15,0
0.0008875,0.0001265,0.0001,293.15,0
0.0009,0.0001265,0.0001,293.15,0
0.0009125,0.0001265,0.0001,293.15,0
0.000925,0.0001265,0.0001,293.15,0
0.0009375,0.0001265,0.0001,293.15,0
0.00095,0.0001265,0.0001,293.15,0
0.0009625,0.0001265,0.0001,293.15,0
0.000975,0.0001265,0.0001,293.15,0
0.0009875,0.0001265,0.0001,293.15,0
0.001,0.0001265,0.0001,293.15,0
1.25e-05,0.00013033,0.0001,297.9,0
0,0.00013033,0.0001,294.31,0
2.5e-05,0.00013033,0.0001,303.04,0
3.75e-05,0.00013033,0.0001,308.96,0
5e-05,0.00013033,0.0001,316.07,0
6.25e-05,0.00013033,0.0001,324.82,0
7.5e-05,0.00013033,0.0001,335.62,0
8.75e-05,0.00013033,0.0001,348.94,0
0.0001,0.00013033,0.0001,365.2,0
0.0001125,0.00013033,0.0001,384.83,0
0.000125,0.00013033,0.0001,408.2,0
0.0001375,0.00013033,0.0001,435.65,0
0.00015,0.00013033,0.0001,467.43,0
0.0001625,0.00013033,0.0001,503.72,0
0.000175,0.00013033,0.0001,544.6,0
0.0001875,0.00013033,0.0001,590.14,0
0.0002,0.00013033,0.0001,640.3,0
0.0002125,0.00013033,0.0001,695.09,0
0.000225,0.00013033,0.0001,754.52,0
0.0002375,0.00013033,0.0001,818.66,0
0.00025,0.00013033,0.0001,887.72,0
0.0002625,0.00013033,0.0001,962.03,0
0.000275,0.00013033,0.0001,1042.2,0
0.0002875,0.00013033,0.0001,1128.9,0
0.0003,0.00013033,0.0001,1223.5,0
0.0003125,0.00013033,0.0001,1327.6,0
0.000325,0.00013033,0.0001,1443.5,0
0.0003375,0.00013033,0.0001,1574.9,0
0.00035,0.00013033,0.0001,1727,0
0.0003625,0.00013033,0.0001,1907.3,0
0.000375,0.00013033,0.0001,2126,0
0.0003875,0.00013033,0.0001,2394.2,0
0.0004,0.00013033,0.0001,2717.9,0
0.0004125,0.00013033,0.0001,3088.5,0
0.000425,0.00013033,0.0001,3474.6,0
0.0004375,0.00013033,0.0001,3822.9,0
0.00045,0.00013033,0.0001,4071.6,0
0.0004625,0.00013033,0.0001,4171.3,0
0.000475,0.00013033,0.0001,4096.9,0
0.0004875,0.00013033,0.0001,3848.4,0
0.0005,0.00013033,0.0001,3444.9,0
0.0005125,0.00013033,0.0001,2920.3,0
0.000525,0.00013033,0.0001,2326.4,0
0.0005375,0.00013033,0.0001,1737.4,0
0.00055,0.00013033,0.0001,1227.5,0
0.0005625,0.00013033,0.0001,842.78,0
0.000575,0.00013033,0.0001,589.69,0
0.0005875,0.00013033,0.0001,442.82,0
0.0006,0.00013033,0.0001,365.61,0
0.0006125,0.00013033,0.0001,327.61,0
0.000625,0.00013033,0.0001,309.52,0
0.0006375,0.00013033,0.0001,300.98,0
0.00065,0.00013033,0.0001,296.93,0
0.0006625,0.00013033,0.0001,294.99,0
0.000675,0.00013033,0.0001,294.05,0
0.0006875,0.00013033,0.0001,293.59,0
0.0007,0.00013033,0.0001,293.37,0
0.0007125,0.00013033,0.0001,293.26,0
0.000725,0.00013033,0.0001,293.2,0
0.0007375,0.00013033,0.0001,293.18,0
0.00075,0.00013033,0.0001,293.16,0
0.0007625,0.00013033,0.0001,293.16,0
0.000775,0.00013033,0.0001,293.15,0
0.0007875,0.00013033,0.0001,293.15,0
0.0008,0.00013033,0.0001,293.15,0
0.0008125,0.00013033,0.0001,293.15,0
0.000825,0.00013033,0.0001,293.15,0
0.0008375,0.00013033,0.0001,293.15,0
0.00085,0.00013033,0.0001,293.15,0
0.0008625,0.00013033,0.0001,293.15,0
0.000875,0.00013033,0.0001,293.15,0
0.0008875,0.00013033,0.0001,293.15,0
0.0009,0.00013033,0.0001,293.15,0
0.0009125,0.00013033,0.0001,293.15,0
0.000925,0.00013033,0.0001,293.15,0
0.0009375,0.00013033,0.0001,293.15,0
0.00095,0.00013033,0.0001,293.15,0
0.0009625,0.00013033,0.0001,293.15,0
0.000975,0.00013033,0.0001,293.15,0
0.0009875,0.00013033,0.0001,293.15,0
0.001,0.00013033,0.0001,293.15,0
1.25e-05,0.00013417,0.0001,297.84,0
0,0.00013417,0.0001,294.3,0
2.5e-05,0.00013417,0.0001,302.91,0
3.75e-05,0.00013417,0.0001,308.76,0
5e-05,0.00013417,0.0001,315.79,0
6.25e-05,0.00013417,0.0001,324.42,0
7.5e-05,0.00013417,0.0001,335.1,0
8.75e-05,0.00013417,0.0001,348.25,0
0.0001,0.00013417,0.0001,364.32,0
0.0001125,0.00013417,0.0001,383.71,0
0.000125,0.00013417,0.0001,406.82,0
0.0001375,0.00013417,0.0001,433.95,0
0.00015,0.00013417,0.0001,465.37,0
0.0001625,0.00013417,0.0001,501.26,0
0.000175,0.00013417,0.0001,541.71,0
0.0001875,0.00013417,0.0001,586.77,0
0.0002,0.00013417,0.0001,636.43,0
0.0002125,0.00013417,0.0001,690.68,0
0.000225,0.00013417,0.0001,749.53,0
0.0002375,0.00013417,0.0001,813.07,0
0.00025,0.00013417,0.0001,881.47,0
0.0002625,0.00013417,0.0001,955.08,0
0.000275,0.00013417,0.0001,1034.4,0
0.0002875,0.00013417,0.0001,1120.3,0
0.0003,0.00013417,0.0001,1213.9,0
0.0003125,0.00013417,0.0001,1316.9,0
0.000325,0.00013417,0.0001,1431.4,0
0.0003375,0.00013417,0.0001,1561,0
0.00035,0.00013417,0.0001,1710.6,0
0.0003625,0.00013417,0.0001,1887.4,0
0.000375,0.00013417,0.0001,2101.3,0
0.0003875,0.00013417,0.0001,2362.5,0
0.0004,0.00013417,0.0001,2676.9,0
0.0004125,0.00013417,0.0001,3036,0
0.000425,0.00013417,0.0001,3410,0
0.0004375,0.00013417,0.0001,3747.4,0
0.00045,0.00013417,0.0001,3988.7,0
0.0004625,0.00013417,0.0001,4085.1,0
0.000475,0.00013417,0.0001,4011.6,0
0.0004875,0.00013417,0.0001,3767.2,0
0.0005,0.00013417,0.0001,3370.4,0
0.0005125,0.00013417,0.0001,2854.9,0
0.000525,0.00013417,0.0001,2272.7,0
0.0005375,0.00013417,0.0001,1697,0
0.00055,0.00013417,0.0001,1200.2,0
0.0005625,0.00013417,0.0001,826.26,0
0.000575,0.00013417,0.0001,580.85,0
0.0005875,0.00013417,0.0001,438.54,0
0.0006,0.00013417,0.0001,363.69,0
0.0006125,0.00013417,0.0001,326.78,0
0.000625,0.00013417,0.0001,309.16,0
0.0006375,0.00013417,0.0001,300.82,0
0.00065,0.00013417,0.0001,296.86,0
0.0006625,0.00013417,0.0001,294.96,0
0.000675,0.00013417,0.0001,294.03,0
0.0006875,0.00013417,0.0001,293.58,0
0.0007,0.00013417,0.0001,293.36,0
0.0007125,0.00013417,0.0001,293.25,0
0.000725,0.00013417,0.0001,293.2,0
0.0007375,0.00013417,0.0001,293.17,0
0.00075,0.00013417,0.0001,293.16,0
0.0007625,0.00013417,0.0001,293.16,0
0.000775,0.00013417,0.0001,293.15,0
0.0007875,0.00013417,0.0001,293.15,0
0.0008,0.00013417,0.0001,293.15,0
0.0008125,0.00013417,0.0001,293.15,0
0.000825,0.00013417,0.0001,293.15,0
0.0008375,0.00013417,0.0001,293.15,0
0.00085,0.00013417,0.0001,293.15,0
0.0008625,0.00013417,0.0001,293.15,0
0.000875,0.00013417,0.0001,293.15,0
0.0008875,0.00013417,0.0001,293.15,0
0.0009,0.00013417,0.0001,293.15,0
0.0009125,0.00013417,0.0001,293.15,0
0.000925,0.00013417,0.0001,293.15,0
0.0009375,0.00013417,0.0001,293.15,0
0.00095,0.00013417,0.0001,293.15,0
0.0009625,0.00013417,0.0001,293.15,0
0.000975,0.00013417,0.0001,293.15,0
0.0009875,0.00013417,0.0001,293.15,0
0.001,0.00013417,0.0001,293.15,0
1.25e-05,0.000138,0.0001,297.77,0
0,0.000138,0.0001,294.28,0
2.5e-05,0.000138,0.0001,302.76,0
3.75e-05,0.000138,0.0001,308.52,0
5e-05,0.000138,0.0001,315.44,0
6.25e-05,0.000138,0.0001,323.94,0
7.5e-05,0.000138,0.0001,334.46,0
8.75e-05,0.000138,0.0001,347.41,0
0.0001,0.000138,0.0001,363.24,0
0.0001125,0.000138,0.0001,382.35,0
0.000125,0.000138,0.0001,405.13,0
0.0001375,0.000138,0.0001,431.88,0
0.00015,0.000138,0.0001,462.87,0
0.0001625,0.000138,0.0001,498.27,0
0.000175,0.000138,0.0001,538.19,0
0.0001875,0.000138,0.0001,582.67,0
0.0002,0.000138,0.0001,631.71,0
0.0002125,0.000138,0.0001,685.3,0
0.000225,0.000138,0.0001,743.45,0
0.0002375,0.000138,0.0001,806.24,0
0.00025,0.000138,0.0001,873.85,0
0.0002625,0.000138,0.0001,946.6,0
0.000275,0.000138,0.0001,1025,0
0.0002875,0.000138,0.0001,1109.9,0
0.0003,0.000138,0.0001,1202.3,0
0.0003125,0.000138,0.0001,1303.8,0
0.000325,0.000138,0.0001,1416.6,0
0.0003375,0.000138,0.0001,1544,0
0.00035,0.000138,0.0001,1690.6,0
0.0003625,0.000138,0.0001,1863.5,0
0.000375,0.000138,0.0001,2071.5,0
0.0003875,0.000138,0.0001,2324.6,0
0.0004,0.000138,0.0001,2627.9,0
0.0004125,0.000138,0.0001,2973.6,0
0.000425,0.000138,0.0001,3333.2,0
0.0004375,0.000138,0.0001,3657.8,0
0.00045,0.000138,0.0001,3890.1,0
0.0004625,0.000138,0.0001,3982.5,0
0.000475,0.000138,0.0001,3909.8,0
0.0004875,0.000138,0.0001,3670.1,0
0.0005,0.000138,0.0001,3281.4,0
0.0005125,0.000138,0.0001,2776.9,0
0.000525,0.000138,0.0001,2208.7,0
0.0005375,0.000138,0.0001,1649,0
0.00055,0.000138,0.0001,1167.8,0
0.0005625,0.000138,0.0001,806.77,0
0.000575,0.000138,0.0001,570.43,0
0.0005875,0.000138,0.0001,433.5,0
0.0006,0.000138,0.0001,361.41,0
0.0006125,0.000138,0.0001,325.79,0
0.000625,0.000138,0.0001,308.73,0
0.0006375,0.000138,0.0001,300.64,0
0.00065,0.000138,0.0001,296.78,0
0.0006625,0.000138,0.0001,294.92,0
0.000675,0.000138,0.0001,294.02,0
0.0006875,0.000138,0.0001,293.57,0
0.0007,0.000138,0.0001,293.36,0
0.0007125,0.000138,0.0001,293.25,0
0.000725,0.000138,0.0001,293.2,0
0.0007375,0.000138,0.0001,293.17,0
0.00075,0.000138,0.0001,293.16,0
0.0007625,0.000138,0.0001,293.16,0
0.000775,0.000138,0.0001,293.15,0
0.0007875,0.000138,0.0001,293.15,0
0.0008,0.000138,0.0001,293.15,0
0.0008125,0.000138,0.0001,293.15,0
0.000825,0.000138,0.0001,293.15,0
0.0008375,0.000138,0.0001,293.15,0
0.00085,0.000138,0.0001,293.15,0
0.0008625,0.000138,0.0001,293.15,0
0.000875,0.000138,0.0001,293.15,0
0.0008875,0.000138,0.0001,293.15,0
0.0009,0.000138,0.0001,293.15,0
0.0009125,0.000138,0.0001,293.15,0
0.000925,0.000138,0.0001,293.15,0
0.0009375,0.000138,0.0001,293.15,0
0.00095,0.000138,0.0001,293.15,0
0.0009625,0.000138,0.0001,293.15,0
0.000975,0.000138,0.0001,293.15,0
0.0009875,0.000138,0.0001,293.15,0
0.001,0.000138,0.0001,293.15,0
1.25e-05,0.00014183,0.0001,297.68,0
0,0.00014183,0.0001,294.26,0
2.5e-05,0.00014183,0.0001,302.58,0
3.75e-05,0.00014183,0.0001,308.24,0
5e-05,0.00014183,0.0001,315.03,0
6.25e-05,0.00014183,0.0001,323.38,0
7.5e-05,0.00014183,0.0001,333.71,0
8.75e-05,0.00014183,0.0001,346.43,0
0.0001,0.00014183,0.0001,361.98,0
0.0001125,0.00014183,0.0001,380.76,0
0.000125,0.00014183,0.0001,403.14,0
0.0001375,0.00014183,0.0001,429.44,0
0.00015,0.00014183,0.0001,459.92,0
0.0001625,0.00014183,0.0001,494.75,0
0.000175,0.00014183,0.0001,534.04,0
0.0001875,0.00014183,0.0001,577.83,0
0.0002,0.00014183,0.0001,626.14,0
0.0002125,0.00014183,0.0001,678.94,0
0.000225,0.00014183,0.0001,736.26,0
0.0002375,0.00014183,0.0001,798.17,0
0.00025,0.00014183,0.0001,864.84,0
0.0002625,0.00014183,0.0001,936.59,0
0.000275,0.00014183,0.0001,1013.9,0
0.0002875,0.00014183,0.0001,1097.5,0
0.0003,0.00014183,0.0001,1188.5,0
0.0003125,0.00014183,0.0001,1288.4,0
0.000325,0.00014183,0.0001,1399.2,0
0.0003375,0.00014183,0.0001,1524,0
0.00035,0.00014183,0.0001,1667.3,0
0.0003625,0.00014183,0.0001,1835.5,0
0.000375,0.00014183,0.0001,2036.9,0
0.0003875,0.00014183,0.0001,2280.7,0
0.0004,0.00014183,0.0001,2571.6,0
0.0004125,0.00014183,0.0001,2902.2,0
0.000425,0.00014183,0.0001,3245.6,0
0.0004375,0.00014183,0.0001,3555.5,0
0.00045,0.00014183,0.0001,3777.4,0
0.0004625,0.00014183,0.0001,3865,0
0.000475,0.00014183,0.0001,3792.9,0
0.0004875,0.00014183,0.0001,3558.7,0
0.0005,0.00014183,0.0001,3179.2,0
0.0005125,0.00014183,0.0001,2687.3,0
0.000525,0.00014183,0.0001,2135.5,0
0.0005375,0.00014183,0.0001,1594.4,0
0.00055,0.00014183,0.0001,1130.9,0
0.0005625,0.00014183,0.0001,784.69,0
0.000575,0.00014183,0.0001,558.64,0
0.0005875,0.00014183,0.0001,427.8,0
0.0006,0.00014183,0.0001,358.84,0
0.0006125,0.00014183,0.0001,324.66,0
0.000625,0.00014183,0.0001,308.24,0
0.0006375,0.00014183,0.0001,300.42,0
0.00065,0.00014183,0.0001,296.68,0
0.0006625,0.00014183,0.0001,294.87,0
0.000675,0.00014183,0.0001,294,0
0.0006875,0.00014183,0.0001,293.57,0
0.0007,0.00014183,0.0001,293.35,0
0.0007125,0.00014183,0.0001,293.25,0
0.000725,0.00014183,0.0001,293.2,0
0.0007375,0.00014183,0.0001,293.17,0
0.00075,0.00014183,0.0001,293.16,0
0.0007625,0.00014183,0.0001,293.16,0
0.000775,0.00014183,0.0001,293.15,0
0.0007875,0.00014183,0.0001,293.15,0
0.0008,0.00014183,0.0001,293.15,0
0.0008125,0.00014183,0.0001,293.15,0
0.000825,0.00014183,0.0001,293.15,0
0.0008375,0.00014183,0.0001,293.15,0
0.00085,0.00014183,0.0001,293.15,0
0.0008625,0.00014183,0.0001,293.15,0
0.000875,0.00014183,0.0001,293.15,0
0.0008875,0.00014183,0.0001,293.15,0
0.0009,0.00014183,0.0001,293.15,0
0.0009125,0.00014183,0.0001,293.15,0
0.000925,0.00014183,0.0001,293.15,0
0.0009375,0.00014183,0.0001,293.15,0
0.00095,0.00014183,0.0001,293.15,0
0.0009625,0.00014183,0.0001,293.15,0
0.000975,0.00014183,0.0001,293.15,0
0.0009875,0.00014183,0.0001,293.15,0
0.001,0.00014183,0.0001,293.15,0
1.25e-05,0.00014567,0.0001,297.59,0
0,0.00014567,0.0001,294.24,0
2.5e-05,0.00014567,0.0001,302.38,0
3.75e-05,0.00014567,0.0001,307.91,0
5e-05,0.00014567,0.0001,314.56,0
6.25e-05,0.00014567,0.0001,322.74,0
7.5e-05,0.00014567,0.0001,332.84,0
8.75e-05,0.00014567,0.0001,345.3,0
0.0001,0.00014567,0.0001,360.53,0
0.0001125,0.00014567,0.0001,378.93,0
0.000125,0.00014567,0.0001,400.86,0
0.0001375,0.00014567,0.0001,426.64,0
0.00015,0.00014567,0.0001,456.53,0
0.0001625,0.00014567,0.0001,490.7,0
0.000175,0.00014567,0.0001,529.26,0
0.0001875,0.00014567,0.0001,572.27,0
0.0002,0.00014567,0.0001,619.73,0
0.0002125,0.00014567,0.0001,671.63,0
0.000225,0.00014567,0.0001,727.99,0
0.0002375,0.00014567,0.0001,788.88,0
0.00025,0.00014567,0.0001,854.47,0
0.0002625,0.00014567,0.0001,925.05,0
0.000275,0.00014567,0.0001,1001.1,0
0.0002875,0.00014567,0.0001,1083.3,0
0.0003,0.00014567,0.0001,1172.7,0
0.0003125,0.00014567,0.0001,1270.7,0
0.000325,0.00014567,0.0001,1379.2,0
0.0003375,0.00014567,0.0001,1501.2,0
0.00035,0.00014567,0.0001,1640.7,0
0.0003625,0.00014567,0.0001,1803.7,0
0.000375,0.00014567,0.0001,1997.9,0
0.0003875,0.00014567,0.0001,2231.5,0
0.0004,0.00014567,0.0001,2508.8,0
0.0004125,0.00014567,0.0001,2822.9,0
0.000425,0.00014567,0.0001,3148.4,0
0.0004375,0.00014567,0.0001,3442.1,0
0.00045,0.00014567,0.0001,3652.2,0
0.0004625,0.00014567,0.0001,3734.1,0
0.000475,0.00014567,0.0001,3662.5,0
0.0004875,0.00014567,0.0001,3434.1,0
0.0005,0.00014567,0.0001,3065,0
0.0005125,0.00014567,0.0001,2587.6,0
0.000525,0.00014567,0.0001,2054.2,0
0.0005375,0.00014567,0.0001,1533.9,0
0.00055,0.00014567,0.0001,1090.4,0
0.0005625,0.00014567,0.0001,760.45,0
0.000575,0.00014567,0.0001,545.72,0
0.0005875,0.00014567,0.0001,421.53,0
0.0006,0.00014567,0.0001,356,0
0.0006125,0.00014567,0.0001,323.42,0
0.000625,0.00014567,0.0001,307.7,0
0.0006375,0.00014567,0.0001,300.18,0
0.00065,0.00014567,0.0001,296.57,0
0.0006625,0.00014567,0.0001,294.82,0
0.000675,0.00014567,0.0001,293.97,0
0.0006875,0.00014567,0.0001,293.55,0
0.0007,0.00014567,0.0001,293.35,0
0.0007125,0.00014567,0.0001,293.25,0
0.000725,0.00014567,0.0001,293.2,0
0.0007375,0.00014567,0.0001,293.17,0
0.00075,0.00014567,0.0001,293.16,0
0.0007625,0.00014567,0.0001,293.16,0
0.000775,0.00014567,0.0001,293.15,0
0.0007875,0.00014567,0.0001,293.15,0
0.0008,0.00014567,0.0001,293.15,0
0.0008125,0.00014567,0.0001,293.15,0
0.000825,0.00014567,0.0001,293.15,0
0.0008375,0.00014567,0.0001,293.15,0
0.00085,0.00014567,0.0001,293.15,0
0.0008625,0.00014567,0.0001,293.15,0
0.000875,0.00014567,0.0001,293.15,0
0.0008875,0.00014567,0.0001,293.15,0
0.0009,0.00014567,0.0001,293.15,0
0.0009125,0.00014567,0.0001,293.15,0
0.000925,0.00014567,0.0001,293.15,0
0.0009375,0.00014567,0.0001,293.15,0
0.00095,0.00014567,0.0001,293.15,0
0.0009625,0.00014567,0.0001,293.15,0
0.000975,0.00014567,0.0001,293.15,0
0.0009875,0.00014567,0.0001,293.15,0
0.001,0.00014567,0.0001,293.15,0
1.25e-05,0.0001495,0.0001,297.48,0
0,0.0001495,0.0001,294.21,0
2.5e-05,0.0001495,0.0001,302.15,0
3.75e-05,0.0001495,0.0001,307.55,0
5e-05,0.0001495,0.0001,314.04,0
6.25e-05,0.0001495,0.0001,322.01,0
7.5e-05,0.0001495,0.0001,331.87,0
8.75e-05,0.0001495,0.0001,344.03,0
0.0001,0.0001495,0.0001,358.9,0
0.0001125,0.0001495,0.0001,376.86,0
0.000125,0.0001495,0.0001,398.29,0
0.0001375,0.0001495,0.0001,423.48,0
0.00015,0.0001495,0.0001,452.7,0
0.0001625,0.0001495,0.0001,486.13,0
0.000175,0.0001495,0.0001,523.87,0
0.0001875,0.0001495,0.0001,565.98,0
0.0002,0.0001495,0.0001,612.48,0
0.0002125,0.0001495,0.0001,663.36,0
0.000225,0.0001495,0.0001,718.63,0
0.0002375,0.0001495,0.0001,778.36,0
0.00025,0.0001495,0.0001,842.72,0
0.0002625,0.0001495,0.0001,911.98,0
0.000275,0.0001495,0.0001,986.59,0
0.0002875,0.0001495,0.0001,1067.2,0
0.0003,0.0001495,0.0001,1154.8,0
0.0003125,0.0001495,0.0001,1250.7,0
0.000325,0.0001495,0.0001,1356.7,0
0.0003375,0.0001495,0.0001,1475.5,0
0.00035,0.0001495,0.0001,1610.8,0
0.0003625,0.0001495,0.0001,1768.2,0
0.000375,0.0001495,0.0001,1954.5,0
0.0003875,0.0001495,0.0001,2177.3,0
0.0004,0.0001495,0.0001,2440.1,0
0.0004125,0.0001495,0.0001,2736.5,0
0.000425,0.0001495,0.0001,3042.9,0
0.0004375,0.0001495,0.0001,3319.1,0
0.00045,0.0001495,0.0001,3516.3,0
0.0004625,0.0001495,0.0001,3591.8,0
0.000475,0.0001495,0.0001,3520.4,0
0.0004875,0.0001495,0.0001,3298.2,0
0.0005,0.0001495,0.0001,2940.3,0
0.0005125,0.0001495,0.0001,2479,0
0.000525,0.0001495,0.0001,1966.1,0
0.0005375,0.0001495,0.0001,1468.6,0
0.00055,0.0001495,0.0001,1046.7,0
0.0005625,0.0001495,0.0001,734.48,0
0.000575,0.0001495,0.0001,531.9,0
0.0005875,0.0001495,0.0001,414.83,0
0.0006,0.0001495,0.0001,352.95,0
0.0006125,0.0001495,0.0001,322.07,0
0.000625,0.0001495,0.0001,307.11,0
0.0006375,0.0001495,0.0001,299.92,0
0.00065,0.0001495,0.0001,296.45,0
0.0006625,0.0001495,0.0001,294.77,0
0.000675,0.0001495,0.0001,293.95,0
0.0006875,0.0001495,0.0001,293.54,0
0.0007,0.0001495,0.0001,293.34,0
0.0007125,0.0001495,0.0001,293.24,0
0.000725,0.0001495,0.0001,293.2,0
0.0007375,0.0001495,0.0001,293.17,0
0.00075,0.0001495,0.0001,293.16,0
0.0007625,0.0001495,0.0001,293.16,0
0.000775,0.0001495,0.0001,293.15,0
0.0007875,0.0001495,0.0001,293.15,0
0.0008,0.0001495,0.0001,293.15,0
0.0008125,0.0001495,0.0001,293.15,0
0.000825,0.0001495,0.0001,293.15,0
0.0008375,0.0001495,0.0001,293.15,0
0.00085,0.0001495,0.0001,293.15,0
0.0008625,0.0001495,0.0001,293.15,0
0.000875,0.0001495,0.0001,293.15,0
0.0008875,0.0001495,0.0001,293.15,0
0.0009,0.0001495,0.0001,293.15,0
0.0009125,0.0001495,0.0001,293.15,0
0.000925,0.0001495,0.0001,293.15,0
0.0009375,0.0001495,0.0001,293.15,0
0.00095,0.0001495,0.0001,293.15,0
0.0009625,0.0001495,0.0001,293.15,0
0.000975,0.0001495,0.0001,293.15,0
0.0009875,0.0001495,0.0001,293.15,0
0.001,0.0001495,0.0001,293.15,0
1.25e-05,0.00015333,0.0001,297.35,0
0,0.00015333,0.0001,294.18,0
2.5e-05,0.00015333,0.0001,301.9,0
3.75e-05,0.00015333,0.0001,307.14,0
5e-05,0.00015333,0.0001,313.45,0
6.25e-05,0.00015333,0.0001,321.21,0
7.5e-05,0.00015333,0.0001,330.8,0
8.75e-05,0.00015333,0.0001,342.62,0
0.0001,0.00015333,0.0001,357.09,0
0.0001125,0.00015333,0.0001,374.57,0
0.000125,0.00015333,0.0001,395.43,0
0.0001375,0.00015333,0.0001,419.98,0
0.00015,0.00015333,0.0001,448.45,0
0.0001625,0.00015333,0.0001,481.05,0
0.000175,0.00015333,0.0001,517.87,0
0.0001875,0.00015333,0.0001,558.99,0
0.0002,0.00015333,0.0001,604.41,0
0.0002125,0.00015333,0.0001,654.14,0
0.000225,0.00015333,0.0001,708.19,0
0.0002375,0.00015333,0.0001,766.63,0
0.00025,0.00015333,0.0001,829.61,0
0.0002625,0.00015333,0.0001,897.39,0
0.000275,0.00015333,0.0001,970.4,0
0.0002875,0.00015333,0.0001,1049.3,0
0.0003,0.00015333,0.0001,1134.9,0
0.0003125,0.00015333,0.0001,1228.4,0
0.000325,0.00015333,0.0001,1331.7,0
0.0003375,0.00015333,0.0001,1447,0
0.00035,0.00015333,0.0001,1577.9,0
0.0003625,0.00015333,0.0001,1729.2,0
0.000375,0.00015333,0.0001,1907.2,0
0.0003875,0.00015333,0.0001,2118.5,0
0.0004,0.00015333,0.0001,2366.2,0
0.0004125,0.00015333,0.0001,2644.1,0
0.000425,0.00015333,0.0001,2930.6,0
0.0004375,0.00015333,0.0001,3188.2,0
0.00045,0.00015333,0.0001,3371.5,0
0.0004625,0.00015333,0.0001,3439.8,0
0.000475,0.00015333,0.0001,3368.4,0
0.0004875,0.00015333,0.0001,3152.7,0
0.0005,0.00015333,0.0001,2806.9,0
0.0005125,0.00015333,0.0001,2363,0
0.000525,0.00015333,0.0001,1872.5,0
0.0005375,0.00015333,0.0001,1399.5,0
0.00055,0.00015333,0.0001,1000.8,0
0.0005625,0.00015333,0.0001,707.23,0
0.000575,0.00015333,0.0001,517.42,0
0.0005875,0.00015333,0.0001,407.8,0
0.0006,0.00015333,0.0001,349.73,0
0.0006125,0.00015333,0.0001,320.65,0
0.000625,0.00015333,0.0001,306.48,0
0.0006375,0.00015333,0.0001,299.64,0
0.00065,0.00015333,0.0001,296.33,0
0.0006625,0.00015333,0.0001,294.71,0
0.000675,0.00015333,0.0001,293.92,0
0.0006875,0.00015333,0.0001,293.53,0
0.0007,0.00015333,0.0001,293.34,0
0.0007125,0.00015333,0.0001,293.24,0
0.000725,0.00015333,0.0001,293.2,0
0.0007375,0.00015333,0.0001,293.17,0
0.00075,0.00015333,0.0001,293.16,0
0.0007625,0.00015333,0.0001,293.16,0
0.000775,0.00015333,0.0001,293.15,0
0.0007875,0.00015333,0.0001,293.15,0
0.0008,0.00015333,0.0001,293.15,0
0.0008125,0.00015333,0.0001,293.15,0
0.000825,0.00015333,0.0001,293.15,0
0.0008375,0.00015333,0.0001,293.15,0
0.00085,0.00015333,0.0001,293.15,0
0.0008625,0.00015333,0.0001,293.15,0
0.000875,0.00015333,0.0001,293.15,0
0.0008875,0.00015333,0.0001,293.15,0
0.0009,0.00015333,0.0001,293.15,0
0.0009125,0.00015333,0.0001,293.15,0
0.000925,0.00015333,0.0001,293.15,0
0.0009375,0.00015333,0.0001,293.15,0
0.00095,0.00015333,0.0001,293.15,0
0.0009625,0.00015333,0.0001,293.15,0
0.000975,0.00015333,0.0001,293.15,0
0.0009875,0.00015333,0.0001,293.15,0
0.001,0.00015333,0.0001,293.15,0
1.25e-05,0.00015717,0.0001,297.22,0
0,0.00015717,0.0001,294.15,0
2.5e-05,0.00015717,0.0001,301.62,0
3.75e-05,0.00015717,0.0001,306.7,0
5e-05,0.00015717,0.0001,312.81,0
6.25e-05,0.00015717,0.0001,320.32,0
7.5e-05,0.00015717,0.0001,329.62,0
8.75e-05,0.00015717,0.0001,341.08,0
0.0001,0.00015717,0.0001,355.11,0
0.0001125,0.00015717,0.0001,372.06,0
0.000125,0.00015717,0.0001,392.3,0
0.0001375,0.00015717,0.0001,416.13,0
0.00015,0.00015717,0.0001,443.79,0
0.0001625,0.00015717,0.0001,475.46,0
0.000175,0.00015717,0.0001,511.28,0
0.0001875,0.00015717,0.0001,551.29,0
0.0002,0.00015717,0.0001,595.52,0
0.0002125,0.00015717,0.0001,643.98,0
0.000225,0.00015717,0.0001,696.68,0
0.0002375,0.00015717,0.0001,753.69,0
0.00025,0.00015717,0.0001,815.14,0
0.0002625,0.00015717,0.0001,881.29,0
0.000275,0.00015717,0.0001,952.53,0
0.0002875,0.00015717,0.0001,1029.4,0
0.0003,0.00015717,0.0001,1112.9,0
0.0003125,0.00015717,0.0001,1203.9,0
0.000325,0.00015717,0.0001,1304.1,0
0.0003375,0.00015717,0.0001,1415.8,0
0.00035,0.00015717,0.0001,1541.9,0
0.0003625,0.00015717,0.0001,1686.9,0
0.000375,0.00015717,0.0001,1856.3,0
0.0003875,0.00015717,0.0001,2055.7,0
0.0004,0.00015717,0.0001,2287.9,0
0.0004125,0.00015717,0.0001,2546.8,0
0.000425,0.00015717,0.0001,2812.6,0
0.0004375,0.00015717,0.0001,3051,0
0.00045,0.00015717,0.0001,3219.6,0
0.0004625,0.00015717,0.0001,3280.1,0
0.000475,0.00015717,0.0001,3208.3,0
0.0004875,0.00015717,0.0001,2999.3,0
0.0005,0.00015717,0.0001,2666.4,0
0.0005125,0.00015717,0.0001,2241.4,0
0.000525,0.00015717,0.0001,1774.7,0
0.0005375,0.00015717,0.0001,1327.7,0
0.00055,0.00015717,0.0001,953.31,0
0.0005625,0.00015717,0.0001,679.17,0
0.000575,0.00015717,0.0001,502.52,0
0.0005875,0.00015717,0.0001,400.55,0
0.0006,0.00015717,0.0001,346.4,0
0.0006125,0.00015717,0.0001,319.16,0
0.000625,0.00015717,0.0001,305.82,0
0.0006375,0.00015717,0.0001,299.34,0
0.00065,0.00015717,0.0001,296.19,0
0.0006625,0.00015717,0.0001,294.65,0
0.000675,0.00015717,0.0001,293.89,0
0.0006875,0.00015717,0.0001,293.51,0
0.0007,0.00015717,0.0001,293.33,0
0.0007125,0.00015717,0.0001,293.24,0
0.000725,0.00015717,0.0001,293.19,0
0.0007375,0.00015717,0.0001,293.17,0
0.00075,0.00015717,0.0001,293.16,0
0.0007625,0.00015717,0.0001,293.16,0
0.000775,0.00015717,0.0001,293.15,0
0.0007875,0.00015717,0.0001,293.15,0
0.0008,0.00015717,0.0001,293.15,0
0.0008125,0.00015717,0.0001,293.15,0
0.000825,0.00015717,0.0001,293.15,0
0.0008375,0.00015717,0.0001,293.15,0
0.00085,0.00015717,0.0001,293.15,0
0.0008625,0.00015717,0.0001,293.15,0
0.000875,0.00015717,0.0001,293.15,0
0.0008875,0.00015717,0.0001,293.15,0
0.0009,0.00015717,0.0001,293.15,0
0.0009125,0.00015717,0.0001,293.15,0
0.000925,0.00015717,0.0001,293.15,0
0.0009375,0.00015717,0.0001,293.15,0
0.00095,0.00015717,0.0001,293.15,0
0.0009625,0.00015717,0.0001,293.15,0
0.000975,0.00015717,0.0001,293.15,0
0.0009875,0.00015717,0.0001,293.15,0
0.001,0.00015717,0.0001,293.15,0
1.25e-05,0.000161,0.0001,297.08,0
0,0.000161,0.0001,294.11,0
2.5e-05,0.000161,0.0001,301.32,0
3.75e-05,0.000161,0.0001,306.22,0
5e-05,0.000161,0.0001,312.12,0
6.25e-05,0.000161,0.0001,319.37,0
7.5e-05,0.000161,0.0001,328.34,0
8.75e-05,0.000161,0.0001,339.41,0
0.0001,0.000161,0.0001,352.95,0
0.0001125,0.000161,0.0001,369.34,0
0.000125,0.000161,0.0001,388.9,0
0.0001375,0.000161,0.0001,411.95,0
0.00015,0.000161,0.0001,438.71,0
0.0001625,0.000161,0.0001,469.39,0
0.000175,0.000161,0.0001,504.1,0
0.0001875,0.000161,0.0001,542.9,0
0.0002,0.000161,0.0001,585.83,0
0.0002125,0.000161,0.0001,632.89,0
0.000225,0.000161,0.0001,684.11,0
0.0002375,0.000161,0.0001,739.54,0
0.00025,0.000161,0.0001,799.31,0
0.0002625,0.000161,0.0001,863.67,0
0.000275,0.000161,0.0001,932.98,0
0.0002875,0.000161,0.0001,1007.8,0
0.0003,0.000161,0.0001,1088.8,0
0.0003125,0.000161,0.0001,1177.1,0
0.000325,0.000161,0.0001,1274.2,0
0.0003375,0.000161,0.0001,1381.9,0
0.00035,0.000161,0.0001,1503,0
0.0003625,0.000161,0.0001,1641.4,0
0.000375,0.000161,0.0001,1801.9,0
0.0003875,0.000161,0.0001,1989.3,0
0.0004,0.000161,0.0001,2205.7,0
0.0004125,0.000161,0.0001,2445.4,0
0.000425,0.000161,0.0001,2690.3,0
0.0004375,0.000161,0.0001,2909,0
0.00045,0.000161,0.0001,3062.4,0
0.0004625,0.000161,0.0001,3114.5,0
0.000475,0.000161,0.0001,3042.1,0
0.0004875,0.000161,0.0001,2839.8,0
0.0005,0.000161,0.0001,2520.6,0
0.0005125,0.000161,0.0001,2115.6,0
0.000525,0.000161,0.0001,1674.1,0
0.0005375,0.000161,0.0001,1254.2,0
0.00055,0.000161,0.0001,904.97,0
0.0005625,0.000161,0.0001,650.72,0
0.000575,0.000161,0.0001,487.43,0
0.0005875,0.000161,0.0001,393.19,0
0.0006,0.000161,0.0001,343,0
0.0006125,0.000161,0.0001,317.63,0
0.000625,0.000161,0.0001,305.13,0
0.0006375,0.000161,0.0001,299.03,0
0.00065,0.000161,0.0001,296.05,0
0.0006625,0.000161,0.0001,294.58,0
0.000675,0.000161,0.0001,293.86,0
0.0006875,0.000161,0.0001,293.5,0
0.0007,0.000161,0.0001,293.32,0
0.0007125,0.000161,0.0001,293.24,0
0.000725,0.000161,0.0001,293.19,0
0.0007375,0.000161,0.0001,293.17,0
0.00075,0.000161,0.0001,293.16,0
0.0007625,0.000161,0.0001,293.15,0
0.000775,0.000161,0.0001,293.15,0
0.0007875,0.000161,0.0001,293.15,0
0.0008,0.000161,0.0001,293.15,0
0.0008125,0.000161,0.0001,293.15,0
0.000825,0.000161,0.0001,293.15,0
0.0008375,0.000161,0.0001,293.15,0
0.00085,0.000161,0.0001,293.15,0
0.0008625,0.000161,0.0001,293.15,0
0.000875,0.000161,0.0001,293.15,0
0.0008875,0.000161,0.0001,293.15,0
0.0009,0.000161,0.0001,293.15,0
0.0009125,0.000161,0.0001,293.15,0
0.000925,0.000161,0.0001,293.15,0
0.0009375,0.000161,0.0001,293.15,0
0.00095,0.000161,0.0001,293.15,0
0.0009625,0.000161,0.0001,293.15,0
0.000975,0.000161,0.0001,293.15,0
0.0009875,0.000161,0.0001,293.15,0
0.001,0.000161,0.0001,293.15,0
1.25e-05,0.00016483,0.0001,296.92,0
0,0.00016483,0.0001,294.07,0
2.5e-05,0.00016483,0.0001,301,0
3.75e-05,0.00016483,0.0001,305.71,0
5e-05,0.00016483,0.0001,311.37,0
6.25e-05,0.00016483,0.0001,318.34,0
7.5e-05,0.00016483,0.0001,326.96,0
8.75e-05,0.00016483,0.0001,337.61,0
0.0001,0.00016483,0.0001,350.64,0
0.0001125,0.00016483,0.0001,366.4,0
0.000125,0.00016483,0.0001,385.24,0
0.0001375,0.00016483,0.0001,407.44,0
0.00015,0.00016483,0.0001,433.24,0
0.0001625,0.00016483,0.0001,462.83,0
0.000175,0.00016483,0.0001,496.34,0
0.0001875,0.00016483,0.0001,533.83,0
0.0002,0.00016483,0.0001,575.34,0
0.0002125,0.00016483,0.0001,620.88,0
0.000225,0.00016483,0.0001,670.48,0
0.0002375,0.00016483,0.0001,724.19,0
0.00025,0.00016483,0.0001,782.14,0
0.0002625,0.00016483,0.0001,844.55,0
0.000275,0.00016483,0.0001,911.75,0
0.0002875,0.00016483,0.0001,984.25,0
0.0003,0.00016483,0.0001,1062.7,0
0.0003125,0.00016483,0.0001,1148.1,0
0.000325,0.00016483,0.0001,1241.7,0
0.0003375,0.00016483,0.0001,1345.3,0
0.00035,0.00016483,0.0001,1461.2,0
0.0003625,0.00016483,0.0001,1592.9,0
0.000375,0.00016483,0.0001,1744.3,0
0.0003875,0.00016483,0.0001,1919.6,0
0.0004,0.00016483,0.0001,2120.3,0
0.0004125,0.00016483,0.0001,2340.8,0
0.000425,0.00016483,0.0001,2564.9,0
0.0004375,0.00016483,0.0001,2763.7,0
0.00045,0.00016483,0.0001,2901.5,0
0.0004625,0.00016483,0.0001,2944.9,0
0.000475,0.00016483,0.0001,2871.6,0
0.0004875,0.00016483,0.0001,2676.3,0
0.0005,0.00016483,0.0001,2371.3,0
0.0005125,0.00016483,0.0001,1987.3,0
0.000525,0.00016483,0.0001,1572,0
0.0005375,0.00016483,0.0001,1180.1,0
0.00055,0.00016483,0.0001,856.47,0
0.0005625,0.00016483,0.0001,622.29,0
0.000575,0.00016483,0.0001,472.36,0
0.0005875,0.00016483,0.0001,385.8,0
0.0006,0.00016483,0.0001,339.57,0
0.0006125,0.00016483,0.0001,316.07,0
0.000625,0.00016483,0.0001,304.43,0
0.0006375,0.00016483,0.0001,298.71,0
0.00065,0.00016483,0.0001,295.9,0
0.0006625,0.00016483,0.0001,294.51,0
0.000675,0.00016483,0.0001,293.82,0
0.0006875,0.00016483,0.0001,293.48,0
0.0007,0.00016483,0.0001,293.32,0
0.0007125,0.00016483,0.0001,293.23,0
0.000725,0.00016483,0.0001,293.19,0
0.0007375,0.00016483,0.0001,293.17,0
0.00075,0.00016483,0.0001,293.16,0
0.0007625,0.00016483,0.0001,293.15,0
0.000775,0.00016483,0.0001,293.15,0
0.0007875,0.00016483,0.0001,293.15,0
0.0008,0.00016483,0.0001,293.15,0
0.0008125,0.00016483,0.0001,293.15,0
0.000825,0.00016483,0.0001,293.15,0
0.0008375,0.00016483,0.0001,293.15,0
0.00085,0.00016483,0.0001,293.15,0
0.0008625,0.00016483,0.0001,293.15,0
0.000875,0.00016483,0.0001,293.15,0
0.0008875,0.00016483,0.0001,293.15,0
0.0009,0.00016483,0.0001,293.15,0
0.0009125,0.00016483,0.0001,293.15,0
0.000925,0.00016483,0.0001,293.15,0
0.0009375,0.00016483,0.0001,293.15,0
0.00095,0.00016483,0.0001,293.15,0
0.0009625,0.00016483,0.0001,293.15,0
0.000975,0.00016483,0.0001,293.15,0
0.0009875,0.00016483,0.0001,293.15,0
0.001,0.00016483,0.0001,293.15,0
1.25e-05,0.00016867,0.0001,296.76,0
0,0.00016867,0.0001,294.03,0
2.5e-05,0.00016867,0.0001,300.66,0
3.75e-05,0.00016867,0.0001,305.16,0
5e-05,0.00016867,0.0001,310.58,0
6.25e-05,0.00016867,0.0001,317.25,0
7.5e-05,0.00016867,0.0001,325.5,0
8.75e-05,0.00016867,0.0001,335.69,0
0.0001,0.00016867,0.0001,348.16,0
0.0001125,0.00016867,0.0001,363.27,0
0.000125,0.00016867,0.0001,381.33,0
0.0001375,0.00016867,0.0001,402.62,0
0.00015,0.00016867,0.0001,427.38,0
0.0001625,0.00016867,0.0001,455.81,0
0.000175,0.00016867,0.0001,488.02,0
0.0001875,0.00016867,0.0001,524.09,0
0.0002,0.00016867,0.0001,564.07,0
0.0002125,0.00016867,0.0001,607.96,0
0.000225,0.00016867,0.0001,655.81,0
0.0002375,0.00016867,0.0001,707.66,0
0.00025,0.00016867,0.0001,763.63,0
0.0002625,0.00016867,0.0001,823.93,0
0.000275,0.00016867,0.0001,888.86,0
0.0002875,0.00016867,0.0001,958.88,0
0.0003,0.00016867,0.0001,1034.6,0
0.0003125,0.00016867,0.0001,1116.9,0
0.000325,0.00016867,0.0001,1206.9,0
0.0003375,0.00016867,0.0001,1306.2,0
0.00035,0.00016867,0.0001,1416.7,0
0.0003625,0.00016867,0.0001,1541.4,0
0.000375,0.00016867,0.0001,1683.8,0
0.0003875,0.00016867,0.0001,1847,0
0.0004,0.00016867,0.0001,2032.1,0
0.0004125,0.00016867,0.0001,2233.8,0
0.000425,0.00016867,0.0001,2437.2,0
0.0004375,0.00016867,0.0001,2616.3,0
0.00045,0.00016867,0.0001,2738.6,0
0.0004625,0.00016867,0.0001,2773,0
0.000475,0.00016867,0.0001,2698.7,0
0.0004875,0.00016867,0.0001,2510.4,0
0.0005,0.00016867,0.0001,2220.2,0
0.0005125,0.00016867,0.0001,1858.1,0
0.000525,0.00016867,0.0001,1469.7,0
0.0005375,0.00016867,0.0001,1106.2,0
0.00055,0.00016867,0.0001,808.46,0
0.0005625,0.00016867,0.0001,594.23,0
0.000575,0.00016867,0.0001,457.47,0
0.0005875,0.00016867,0.0001,378.49,0
0.0006,0.00016867,0.0001,336.15,0
0.0006125,0.00016867,0.0001,314.51,0
0.000625,0.00016867,0.0001,303.71,0
0.0006375,0.00016867,0.0001,298.38,0
0.00065,0.00016867,0.0001,295.74,0
0.0006625,0.00016867,0.0001,294.44,0
0.000675,0.00016867,0.0001,293.79,0
0.0006875,0.00016867,0.0001,293.47,0
0.0007,0.00016867,0.0001,293.31,0
0.0007125,0.00016867,0.0001,293.23,0
0.000725,0.00016867,0.0001,293.19,0
0.0007375,0.00016867,0.0001,293.17,0
0.00075,0.00016867,0.0001,293.16,0
0.0007625,0.00016867,0.0001,293.15,0
0.000775,0.00016867,0.0001,293.15,0
0.0007875,0.00016867,0.0001,293.15,0
0.0008,0.00016867,0.0001,293.15,0
0.0008125,0.00016867,0.0001,293.15,0
0.000825,0.00016867,0.0001,293.15,0
0.0008375,0.00016867,0.0001,293.15,0
0.00085,0.00016867,0.0001,293.15,0
0.0008625,0.00016867,0.0001,293.15,0
0.000875,0.00016867,0.0001,293.15,0
0.0008875,0.00016867,0.0001,293.15,0
0.0009,0.00016867,0.0001,293.15,0
0.0009125,0.00016867,0.0001,293.15,0
0.000925,0.00016867,0.0001,293.15,0
0.0009375,0.00016867,0.0001,293.15,0
0.00095,0.00016867,0.0001,293.15,0
0.0009625,0.00016867,0.0001,293.15,0
0.000975,0.00016867,0.0001,293.15,0
0.0009875,0.00016867,0.0001,293.15,0
0.001,0.00016867,0.0001,293.15,0
1.25e-05,0.0001725,0.0001,296.58,0
0,0.0001725,0.0001,293.99,0
2.5e-05,0.0001725,0.0001,300.29,0
3.75e-05,0.0001725,0.0001,304.58,0
5e-05,0.0001725,0.0001,309.74,0
6.25e-05,0.0001725,0.0001,316.08,0
7.5e-05,0.0001725,0.0001,323.94,0
8.75e-05,0.0001725,0.0001,333.65,0
0.0001,0.0001725,0.0001,345.54,0
0.0001125,0.0001725,0.0001,359.94,0
0.000125,0.0001725,0.0001,377.16,0
0.0001375,0.0001725,0.0001,397.49,0
0.00015,0.0001725,0.0001,421.15,0
0.0001625,0.0001725,0.0001,448.32,0
0.000175,0.0001725,0.0001,479.15,0
0.0001875,0.0001725,0.0001,513.7,0
0.0002,0.0001725,0.0001,552.03,0
0.0002125,0.0001725,0.0001,594.15,0
0.000225,0.0001725,0.0001,640.11,0
0.0002375,0.0001725,0.0001,689.95,0
0.00025,0.0001725,0.0001,743.79,0
0.0002625,0.0001725,0.0001,801.81,0
0.000275,0.0001725,0.0001,864.29,0
0.0002875,0.0001725,0.0001,931.67,0
0.0003,0.0001725,0.0001,1004.5,0
0.0003125,0.0001725,0.0001,1083.5,0
0.000325,0.0001725,0.0001,1169.7,0
0.0003375,0.0001725,0.0001,1264.4,0
0.00035,0.0001725,0.0001,1369.5,0
0.0003625,0.0001725,0.0001,1487.2,0
0.000375,0.0001725,0.0001,1620.4,0
0.0003875,0.0001725,0.0001,1771.7,0
0.0004,0.0001725,0.0001,1941.6,0
0.0004125,0.0001725,0.0001,2125,0
0.000425,0.0001725,0.0001,2308.2,0
0.0004375,0.0001725,0.0001,2468,0
0.00045,0.0001725,0.0001,2574.9,0
0.0004625,0.0001725,0.0001,2600.3,0
0.000475,0.0001725,0.0001,2525,0
0.0004875,0.0001725,0.0001,2344,0
0.0005,0.0001725,0.0001,2069,0
0.0005125,0.0001725,0.0001,1729.4,0
0.000525,0.0001725,0.0001,1368.5,0
0.0005375,0.0001725,0.0001,1033.6,0
0.00055,0.0001725,0.0001,761.48,0
0.0005625,0.0001725,0.0001,566.86,0
0.000575,0.0001725,0.0001,442.95,0
0.0005875,0.0001725,0.0001,371.31,0
0.0006,0.0001725,0.0001,332.76,0
0.0006125,0.0001725,0.0001,312.94,0
0.000625,0.0001725,0.0001,302.99,0
0.0006375,0.0001725,0.0001,298.04,0
0.00065,0.0001725,0.0001,295.59,0
0.0006625,0.0001725,0.0001,294.36,0
0.000675,0.0001725,0.0001,293.75,0
0.0006875,0.0001725,0.0001,293.45,0
0.0007,0.0001725,0.0001,293.3,0
0.0007125,0.0001725,0.0001,293.22,0
0.000725,0.0001725,0.0001,293.19,0
0.0007375,0.0001725,0.0001,293.17,0
0.00075,0.0001725,0.0001,293.16,0
0.0007625,0.0001725,0.0001,293.15,0
0.000775,0.0001725,0.0001,293.15,0
0.0007875,0.0001725,0.0001,293.15,0
0.0008,0.0001725,0.0001,293.15,0
0.0008125,0.0001725,0.0001,293.15,0
0.000825,0.0001725,0.0001,293.15,0
0.0008375,0.0001725,0.0001,293.15,0
0.00085,0.0001725,0.0001,293.15,0
0.0008625,0.0001725,0.0001,293.15,0
0.000875,0.0001725,0.0001,293.15,0
0.0008875,0.0001725,0.0001,293.15,0
0.0009,0.0001725,0.0001,293.15,0
0.0009125,0.0001725,0.0001,293.15,0
0.000925,0.0001725,0.0001,293.15,0
0.0009375,0.0001725,0.0001,293.15,0
0.00095,0.0001725,0.0001,293.15,0
0.0009625,0.0001725,0.0001,293.15,0
0.000975,0.0001725,0.0001,293.15,0
0.0009875,0.0001725,0.0001,293.15,0
0.001,0.0001725,0.0001,293.15,0
1.25e-05,0.00017633,0.0001,296.4,0
0,0.00017633,0.0001,293.95,0
2.5e-05,0.00017633,0.0001,299.91,0
3.75e-05,0.00017633,0.0001,303.97,0
5e-05,0.00017633,0.0001,308.85,0
6.25e-05,0.00017633,0.0001,314.86,0
7.5e-05,0.00017633,0.0001,322.3,0
8.75e-05,0.00017633,0.0001,331.5,0
0.0001,0.00017633,0.0001,342.77,0
0.0001125,0.00017633,0.0001,356.42,0
0.000125,0.00017633,0.0001,372.77,0
0.0001375,0.00017633,0.0001,392.07,0
0.00015,0.00017633,0.0001,414.55,0
0.0001625,0.00017633,0.0001,440.4,0
0.000175,0.00017633,0.0001,469.74,0
0.0001875,0.00017633,0.0001,502.67,0
0.0002,0.00017633,0.0001,539.23,0
0.0002125,0.00017633,0.0001,579.46,0
0.000225,0.00017633,0.0001,623.39,0
0.0002375,0.00017633,0.0001,671.07,0
0.00025,0.00017633,0.0001,722.62,0
0.0002625,0.00017633,0.0001,778.19,0
0.000275,0.00017633,0.0001,838.06,0
0.0002875,0.00017633,0.0001,902.6,0
0.0003,0.00017633,0.0001,972.31,0
0.0003125,0.00017633,0.0001,1047.8,0
0.000325,0.00017633,0.0001,1130.1,0
0.0003375,0.00017633,0.0001,1220.2,0
0.00035,0.00017633,0.0001,1319.6,0
0.0003625,0.00017633,0.0001,1430.2,0
0.000375,0.00017633,0.0001,1554.4,0
0.0003875,0.00017633,0.0001,1694.1,0
0.0004,0.00017633,0.0001,1849.2,0
0.0004125,0.00017633,0.0001,2014.9,0
0.000425,0.00017633,0.0001,2178.8,0
0.0004375,0.00017633,0.0001,2319.9,0
0.00045,0.00017633,0.0001,2411.7,0
0.0004625,0.00017633,0.0001,2428.4,0
0.000475,0.00017633,0.0001,2352.1,0
0.0004875,0.00017633,0.0001,2178.6,0
0.0005,0.00017633,0.0001,1919.4,0
0.0005125,0.00017633,0.0001,1602.6,0
0.000525,0.00017633,0.0001,1269.3,0
0.0005375,0.00017633,0.0001,962.97,0
0.00055,0.00017633,0.0001,716.02,0
0.0005625,0.00017633,0.0001,540.43,0
0.000575,0.00017633,0.0001,428.89,0
0.0005875,0.00017633,0.0001,364.34,0
0.0006,0.00017633,0.0001,329.44,0
0.0006125,0.00017633,0.0001,311.39,0
0.000625,0.00017633,0.0001,302.27,0
0.0006375,0.00017633,0.0001,297.7,0
0.00065,0.00017633,0.0001,295.42,0
0.0006625,0.00017633,0.0001,294.29,0
0.000675,0.00017633,0.0001,293.72,0
0.0006875,0.00017633,0.0001,293.43,0
0.0007,0.00017633,0.0001,293.29,0
0.0007125,0.00017633,0.0001,293.22,0
0.000725,0.00017633,0.0001,293.18,0
0.0007375,0.00017633,0.0001,293.17,0
0.00075,0.00017633,0.0001,293.16,0
0.0007625,0.00017633,0.0001,293.15,0
0.000775,0.00017633,0.0001,293.15,0
0.0007875,0.00017633,0.0001,293.15,0
0.0008,0.00017633,0.0001,293.15,0
0.0008125,0.00017633,0.0001,293.15,0
0.000825,0.00017633,0.0001,293.15,0
0.0008375,0.00017633,0.0001,293.15,0
0.00085,0.00017633,0.0001,293.15,0
0.0008625,0.00017633,0.0001,293.15,0
0.000875,0.00017633,0.0001,293.15,0
0.0008875,0.00017633,0.0001,293.15,0
0.0009,0.00017633,0.0001,293.15,0
0.0009125,0.00017633,0.0001,293.15,0
0.000925,0.00017633,0.0001,293.15,0
0.0009375,0.00017633,0.0001,293.15,0
0.00095,0.00017633,0.0001,293.15,0
0.0009625,0.00017633,0.0001,293.15,0
0.000975,0.00017633,0.0001,293.15,0
0.0009875,0.00017633,0.0001,293.15,0
0.001,0.00017633,0.0001,293.15,0
1.25e-05,0.00018017,0.0001,296.2,0
0,0.00018017,0.0001,293.9,0
2.5e-05,0.00018017,0.0001,299.51,0
3.75e-05,0.00018017,0.0001,303.32,0
5e-05,0.00018017,0.0001,307.92,0
6.25e-05,0.00018017,0.0001,313.57,0
7.5e-05,0.00018017,0.0001,320.58,0
8.75e-05,0.00018017,0.0001,329.24,0
0.0001,0.00018017,0.0001,339.86,0
0.0001125,0.00018017,0.0001,352.73,0
0.000125,0.00018017,0.0001,368.15,0
0.0001375,0.00018017,0.0001,386.36,0
0.00015,0.00018017,0.0001,407.6,0
0.0001625,0.00018017,0.0001,432.04,0
0.000175,0.00018017,0.0001,459.81,0
0.0001875,0.00018017,0.0001,491.01,0
0.0002,0.00018017,0.0001,525.7,0
0.0002125,0.00018017,0.0001,563.9,0
0.000225,0.00018017,0.0001,605.66,0
0.0002375,0.00018017,0.0001,651.04,0
0.00025,0.00018017,0.0001,700.13,0
0.0002625,0.00018017,0.0001,753.09,0
0.000275,0.00018017,0.0001,810.16,0
0.0002875,0.00018017,0.0001,871.68,0
0.0003,0.00018017,0.0001,938.1,0
0.0003125,0.00018017,0.0001,1010,0
0.000325,0.00018017,0.0001,1088.1,0
0.0003375,0.00018017,0.0001,1173.3,0
0.00035,0.00018017,0.0001,1267,0
0.0003625,0.00018017,0.0001,1370.6,0
0.000375,0.00018017,0.0001,1485.9,0
0.0003875,0.00018017,0.0001,1614.2,0
0.0004,0.00018017,0.0001,1755.1,0
0.0004125,0.00018017,0.0001,1903.9,0
0.000425,0.00018017,0.0001,2049.3,0
0.0004375,0.00018017,0.0001,2172.6,0
0.00045,0.00018017,0.0001,2250.1,0
0.0004625,0.00018017,0.0001,2258.4,0
0.000475,0.00018017,0.0001,2181.5,0
0.0004875,0.00018017,0.0001,2015.7,0
0.0005,0.00018017,0.0001,1772.5,0
0.0005125,0.00018017,0.0001,1478.9,0
0.000525,0.00018017,0.0001,1173.2,0
0.0005375,0.00018017,0.0001,894.93,0
0.00055,0.00018017,0.0001,672.46,0
0.0005625,0.00018017,0.0001,515.14,0
0.000575,0.00018017,0.0001,415.42,0
0.0005875,0.00018017,0.0001,357.6,0
0.0006,0.00018017,0.0001,326.21,0
0.0006125,0.00018017,0.0001,309.86,0
0.000625,0.00018017,0.0001,301.55,0
0.0006375,0.00018017,0.0001,297.36,0
0.00065,0.00018017,0.0001,295.26,0
0.0006625,0.00018017,0.0001,294.21,0
0.000675,0.00018017,0.0001,293.68,0
0.0006875,0.00018017,0.0001,293.41,0
0.0007,0.00018017,0.0001,293.28,0
0.0007125,0.00018017,0.0001,293.21,0
0.000725,0.00018017,0.0001,293.18,0
0.0007375,0.00018017,0.0001,293.17,0
0.00075,0.00018017,0.0001,293.16,0
0.0007625,0.00018017,0.0001,293.15,0
0.000775,0.00018017,0.0001,293.15,0
0.0007875,0.00018017,0.0001,293.15,0
0.0008,0.00018017,0.0001,293.15,0
0.0008125,0.00018017,0.0001,293.15,0
0.000825,0.00018017,0.0001,293.15,0
0.0008375,0.00018017,0.0001,293.15,0
0.00085,0.00018017,0.0001,293.15,0
0.0008625,0.00018017,0.0001,293.15,0
0.000875,0.00018017,0.0001,293.15,0
0.0008875,0.00018017,0.0001,293.15,0
0.0009,0.00018017,0.0001,293.15,0
0.0009125,0.00018017,0.0001,293.15,0
0.000925,0.00018017,0.0001,293.15,0
0.0009375,0.00018017,0.0001,293.15,0
0.00095,0.00018017,0.0001,293.15,0
0.0009625,0.00018017,0.0001,293.15,0
0.000975,0.00018017,0.0001,293.15,0
0.0009875,0.00018017,0.0001,293.15,0
0.001,0.00018017,0.0001,293.15,0
1.25e-05,0.000184,0.0001,296,0
0,0.000184,0.0001,293.85,0
2.5e-05,0.000184,0.0001,299.09,0
3.75e-05,0.000184,0.0001,302.65,0
5e-05,0.000184,0.0001,306.95,0
6.25e-05,0.000184,0.0001,312.23,0
7.5e-05,0.000184,0.0001,318.78,0
8.75e-05,0.000184,0.0001,326.88,0
0.0001,0.000184,0.0001,336.81,0
0.0001125,0.000184,0.0001,348.87,0
0.000125,0.000184,0.0001,363.31,0
0.0001375,0.000184,0.0001,380.39,0
0.00015,0.000184,0.0001,400.32,0
0.0001625,0.000184,0.0001,423.27,0
0.000175,0.000184,0.0001,449.39,0
0.0001875,0.000184,0.0001,478.76,0
0.0002,0.000184,0.0001,511.44,0
0.0002125,0.000184,0.0001,547.49,0
0.000225,0.000184,0.0001,586.94,0
0.0002375,0.000184,0.0001,629.86,0
0.00025,0.000184,0.0001,676.33,0
0.0002625,0.000184,0.0001,726.5,0
0.000275,0.000184,0.0001,780.59,0
0.0002875,0.000184,0.0001,838.91,0
0.0003,0.000184,0.0001,901.83,0
0.0003125,0.000184,0.0001,969.87,0
0.000325,0.000184,0.0001,1043.7,0
0.0003375,0.000184,0.0001,1124,0
0.00035,0.000184,0.0001,1211.8,0
0.0003625,0.000184,0.0001,1308.3,0
0.000375,0.000184,0.0001,1414.8,0
0.0003875,0.000184,0.0001,1532.1,0
0.0004,0.000184,0.0001,1659.4,0
0.0004125,0.000184,0.0001,1792.3,0
0.000425,0.000184,0.0001,1920.3,0
0.0004375,0.000184,0.0001,2026.9,0
0.00045,0.000184,0.0001,2090.8,0
0.0004625,0.000184,0.0001,2091.4,0
0.000475,0.000184,0.0001,2014.3,0
0.0004875,0.000184,0.0001,1856.6,0
0.0005,0.000184,0.0001,1629.7,0
0.0005125,0.000184,0.0001,1359.3,0
0.000525,0.000184,0.0001,1080.9,0
0.0005375,0.000184,0.0001,830.01,0
0.00055,0.000184,0.0001,631.08,0
0.0005625,0.000184,0.0001,491.14,0
0.000575,0.000184,0.0001,402.58,0
0.0005875,0.000184,0.0001,351.14,0
0.0006,0.000184,0.0001,323.07,0
0.0006125,0.000184,0.0001,308.37,0
0.000625,0.000184,0.0001,300.84,0
0.0006375,0.000184,0.0001,297.02,0
0.00065,0.000184,0.0001,295.1,0
0.0006625,0.000184,0.0001,294.13,0
0.000675,0.000184,0.0001,293.64,0
0.0006875,0.000184,0.0001,293.39,0
0.0007,0.000184,0.0001,293.27,0
0.0007125,0.000184,0.0001,293.21,0
0.000725,0.000184,0.0001,293.18,0
0.0007375,0.000184,0.0001,293.16,0
0.00075,0.000184,0.0001,293.16,0
0.0007625,0.000184,0.0001,293.15,0
0.000775,0.000184,0.0001,293.15,0
0.0007875,0.000184,0.0001,293.15,0
0.0008,0.000184,0.0001,293.15,0
0.0008125,0.000184,0.0001,293.15,0
0.000825,0.000184,0.0001,293.15,0
0.0008375,0.000184,0.0001,293.15,0
0.00085,0.000184,0.0001,293.15,0
0.0008625,0.000184,0.0001,293.15,0
0.000875,0.000184,0.0001,293.15,0
0.0008875,0.000184,0.0001,293.15,0
0.0009,0.000184,0.0001,293.15,0
0.0009125,0.000184,0.0001,293.15,0
0.000925,0.000184,0.0001,293.15,0
0.0009375,0.000184,0.0001,293.15,0
0.00095,0.000184,0.0001,293.15,0
0.0009625,0.000184,0.0001,293.15,0
0.000975,0.000184,0.0001,293.15,0
0.0009875,0.000184,0.0001,293.15,0
0.001,0.000184,0.0001,293.15,0
1.25e-05,0.00018783,0.0001,295.79,0
0,0.00018783,0.0001,293.8,0
2.5e-05,0.00018783,0.0001,298.65,0
3.75e-05,0.00018783,0.0001,301.96,0
5e-05,0.00018783,0.0001,305.94,0
6.25e-05,0.00018783,0.0001,310.84,0
7.5e-05,0.00018783,0.0001,316.91,0
8.75e-05,0.00018783,0.0001,324.43,0
0.0001,0.00018783,0.0001,333.65,0
0.0001125,0.00018783,0.0001,344.85,0
0.000125,0.00018783,0.0001,358.27,0
0.0001375,0.00018783,0.0001,374.16,0
0.00015,0.00018783,0.0001,392.71,0
0.0001625,0.00018783,0.0001,414.11,0
0.000175,0.00018783,0.0001,438.48,0
0.0001875,0.00018783,0.0001,465.91,0
0.0002,0.00018783,0.0001,496.49,0
0.0002125,0.00018783,0.0001,530.25,0
0.000225,0.00018783,0.0001,567.25,0
0.0002375,0.00018783,0.0001,607.55,0
0.00025,0.00018783,0.0001,651.23,0
0.0002625,0.00018783,0.0001,698.43,0
0.000275,0.00018783,0.0001,749.35,0
0.0002875,0.00018783,0.0001,804.26,0
0.0003,0.00018783,0.0001,863.5,0
0.0003125,0.00018783,0.0001,927.5,0
0.000325,0.00018783,0.0001,996.79,0
0.0003375,0.00018783,0.0001,1072,0
0.00035,0.00018783,0.0001,1153.9,0
0.0003625,0.00018783,0.0001,1243.4,0
0.000375,0.00018783,0.0001,1341.3,0
0.0003875,0.00018783,0.0001,1448,0
0.0004,0.00018783,0.0001,1562.4,0
0.0004125,0.00018783,0.0001,1680.2,0
0.000425,0.00018783,0.0001,1792,0
0.0004375,0.00018783,0.0001,1883,0
0.00045,0.00018783,0.0001,1934.5,0
0.0004625,0.00018783,0.0001,1928.1,0
0.000475,0.00018783,0.0001,1851.4,0
0.0004875,0.00018783,0.0001,1702.2,0
0.0005,0.00018783,0.0001,1491.9,0
0.0005125,0.00018783,0.0001,1244.6,0
0.000525,0.00018783,0.0001,992.98,0
0.0005375,0.00018783,0.0001,768.56,0
0.00055,0.00018783,0.0001,592.05,0
0.0005625,0.00018783,0.0001,468.52,0
0.000575,0.00018783,0.0001,390.43,0
0.0005875,0.00018783,0.0001,344.97,0
0.0006,0.00018783,0.0001,320.05,0
0.0006125,0.00018783,0.0001,306.91,0
0.000625,0.00018783,0.0001,300.14,0
0.0006375,0.00018783,0.0001,296.68,0
0.00065,0.00018783,0.0001,294.93,0
0.0006625,0.00018783,0.0001,294.05,0
0.000675,0.00018783,0.0001,293.6,0
0.0006875,0.00018783,0.0001,293.37,0
0.0007,0.00018783,0.0001,293.26,0
0.0007125,0.00018783,0.0001,293.21,0
0.000725,0.00018783,0.0001,293.18,0
0.0007375,0.00018783,0.0001,293.16,0
0.00075,0.00018783,0.0001,293.16,0
0.0007625,0.00018783,0.0001,293.15,0
0.000775,0.00018783,0.0001,293.15,0
0.0007875,0.00018783,0.0001,293.15,0
0.0008,0.00018783,0.0001,293.15,0
0.0008125,0.00018783,0.0001,293.15,0
0.000825,0.00018783,0.0001,293.15,0
0.0008375,0.00018783,0.0001,293.15,0
0.00085,0.00018783,0.0001,293.15,0
0.0008625,0.00018783,0.0001,293.15,0
0.000875,0.00018783,0.0001,293.15,0
0.0008875,0.00018783,0.0001,293.15,0
0.0009,0.00018783,0.0001,293.15,0
0.0009125,0.00018783,0.0001,293.15,0
0.000925,0.00018783,0.0001,293.15,0
0.0009375,0.00018783,0.0001,293.15,0
0.00095,0.00018783,0.0001,293.15,0
0.0009625,0.00018783,0.0001,293.15,0
0.000975,0.00018783,0.0001,293.15,0
0.0009875,0.00018783,0.0001,293.15,0
0.001,0.00018783,0.0001,293.15,0
1.25e-05,0.00019167,0.0001,295.58,0
0,0.00019167,0.0001,293.74,0
2.5e-05,0.00019167,0.0001,298.2,0
3.75e-05,0.00019167,0.0001,301.23,0
5e-05,0.00019167,0.0001,304.89,0
6.25e-05,0.00019167,0.0001,309.39,0
7.5e-05,0.00019167,0.0001,314.98,0
8.75e-05,0.00019167,0.0001,321.89,0
0.0001,0.00019167,0.0001,330.37,0
0.0001125,0.00019167,0.0001,340.67,0
0.000125,0.00019167,0.0001,353.04,0
0.0001375,0.00019167,0.0001,367.68,0
0.00015,0.00019167,0.0001,384.8,0
0.0001625,0.00019167,0.0001,404.57,0
0.000175,0.00019167,0.0001,427.1,0
0.0001875,0.00019167,0.0001,452.51,0
0.0002,0.00019167,0.0001,480.86,0
0.0002125,0.00019167,0.0001,512.21,0
0.000225,0.00019167,0.0001,546.61,0
0.0002375,0.00019167,0.0001,584.12,0
0.00025,0.00019167,0.0001,624.84,0
0.0002625,0.00019167,0.0001,668.88,0
0.000275,0.00019167,0.0001,716.44,0
0.0002875,0.00019167,0.0001,767.74,0
0.0003,0.00019167,0.0001,823.08,0
0.0003125,0.00019167,0.0001,882.84,0
0.000325,0.00019167,0.0001,947.45,0
0.0003375,0.00019167,0.0001,1017.4,0
0.00035,0.00019167,0.0001,1093.3,0
0.0003625,0.00019167,0.0001,1175.7,0
0.000375,0.00019167,0.0001,1265.2,0
0.0003875,0.00019167,0.0001,1361.7,0
0.0004,0.00019167,0.0001,1463.9,0
0.0004125,0.00019167,0.0001,1567.7,0
0.000425,0.00019167,0.0001,1664.5,0
0.0004375,0.00019167,0.0001,1741.3,0
0.00045,0.00019167,0.0001,1781.5,0
0.0004625,0.00019167,0.0001,1769.1,0
0.000475,0.00019167,0.0001,1693.4,0
0.0004875,0.00019167,0.0001,1553.3,0
0.0005,0.00019167,0.0001,1359.7,0
0.0005125,0.00019167,0.0001,1135.4,0
0.000525,0.00019167,0.0001,909.84,0
0.0005375,0.00019167,0.0001,710.79,0
0.00055,0.00019167,0.0001,555.48,0
0.0005625,0.00019167,0.0001,447.29,0
0.000575,0.00019167,0.0001,378.98,0
0.0005875,0.00019167,0.0001,339.11,0
0.0006,0.00019167,0.0001,317.14,0
0.0006125,0.00019167,0.0001,305.49,0
0.000625,0.00019167,0.0001,299.44,0
0.0006375,0.00019167,0.0001,296.35,0
0.00065,0.00019167,0.0001,294.77,0
0.0006625,0.00019167,0.0001,293.97,0
0.000675,0.00019167,0.0001,293.56,0
0.0006875,0.00019167,0.0001,293.36,0
0.0007,0.00019167,0.0001,293.25,0
0.0007125,0.00019167,0.0001,293.2,0
0.000725,0.00019167,0.0001,293.18,0
0.0007375,0.00019167,0.0001,293.16,0
0.00075,0.00019167,0.0001,293.16,0
0.0007625,0.00019167,0.0001,293.15,0
0.000775,0.00019167,0.0001,293.15,0
0.0007875,0.00019167,0.0001,293.15,0
0.0008,0.00019167,0.0001,293.15,0
0.0008125,0.00019167,0.0001,293.15,0
0.000825,0.00019167,0.0001,293.15,0
0.0008375,0.00019167,0.0001,293.15,0
0.00085,0.00019167,0.0001,293.15,0
0.0008625,0.00019167,0.0001,293.15,0
0.000875,0.00019167,0.0001,293.15,0
0.0008875,0.00019167,0.0001,293.15,0
0.0009,0.00019167,0.0001,293.15,0
0.0009125,0.00019167,0.0001,293.15,0
0.000925,0.00019167,0.0001,293.15,0
0.0009375,0.00019167,0.0001,293.15,0
0.00095,0.00019167,0.0001,293.15,0
0.0009625,0.00019167,0.0001,293.15,0
0.000975,0.00019167,0.0001,293.15,0
0.0009875,0.00019167,0.0001,293.15,0
0.001,0.00019167,0.0001,293.15,0
1.25e-05,0.0001955,0.0001,295.35,0
0,0.0001955,0.0001,293.69,0
2.5e-05,0.0001955,0.0001,297.74,0
3.75e-05,0.0001955,0.0001,300.49,0
5e-05,0.0001955,0.0001,303.81,0
6.25e-05,0.0001955,0.0001,307.9,0
7.5e-05,0.0001955,0.0001,312.98,0
8.75e-05,0.0001955,0.0001,319.26,0
0.0001,0.0001955,0.0001,326.98,0
0.0001125,0.0001955,0.0001,336.36,0
0.000125,0.0001955,0.0001,347.63,0
0.0001375,0.0001955,0.0001,360.98,0
0.00015,0.0001955,0.0001,376.61,0
0.0001625,0.0001955,0.0001,394.66,0
0.000175,0.0001955,0.0001,415.28,0
0.0001875,0.0001955,0.0001,438.56,0
0.0002,0.0001955,0.0001,464.57,0
0.0002125,0.0001955,0.0001,493.37,0
0.000225,0.0001955,0.0001,525.02,0
0.0002375,0.0001955,0.0001,559.59,0
0.00025,0.0001955,0.0001,597.16,0
0.0002625,0.0001955,0.0001,637.86,0
0.000275,0.0001955,0.0001,681.83,0
0.0002875,0.0001955,0.0001,729.31,0
0.0003,0.0001955,0.0001,780.54,0
0.0003125,0.0001955,0.0001,835.84,0
0.000325,0.0001955,0.0001,895.56,0
0.0003375,0.0001955,0.0001,960.08,0
0.00035,0.0001955,0.0001,1029.8,0
0.0003625,0.0001955,0.0001,1105.2,0
0.000375,0.0001955,0.0001,1186.4,0
0.0003875,0.0001955,0.0001,1273.1,0
0.0004,0.0001955,0.0001,1363.8,0
0.0004125,0.0001955,0.0001,1454.6,0
0.000425,0.0001955,0.0001,1537.7,0
0.0004375,0.0001955,0.0001,1601.6,0
0.00045,0.0001955,0.0001,1631.9,0
0.0004625,0.0001955,0.0001,1614.6,0
0.000475,0.0001955,0.0001,1540.9,0
0.0004875,0.0001955,0.0001,1410.3,0
0.0005,0.0001955,0.0001,1233.7,0
0.0005125,0.0001955,0.0001,1032,0
0.000525,0.0001955,0.0001,831.67,0
0.0005375,0.0001955,0.0001,656.76,0
0.00055,0.0001955,0.0001,521.36,0
0.0005625,0.0001955,0.0001,427.46,0
0.000575,0.0001955,0.0001,368.21,0
0.0005875,0.0001955,0.0001,333.54,0
0.0006,0.0001955,0.0001,314.35,0
0.0006125,0.0001955,0.0001,304.11,0
0.000625,0.0001955,0.0001,298.77,0
0.0006375,0.0001955,0.0001,296.01,0
0.00065,0.0001955,0.0001,294.6,0
0.0006625,0.0001955,0.0001,293.88,0
0.000675,0.0001955,0.0001,293.52,0
0.0006875,0.0001955,0.0001,293.34,0
0.0007,0.0001955,0.0001,293.24,0
0.0007125,0.0001955,0.0001,293.2,0
0.000725,0.0001955,0.0001,293.17,0
0.0007375,0.0001955,0.0001,293.16,0
0.00075,0.0001955,0.0001,293.16,0
0.0007625,0.0001955,0.0001,293.15,0
0.000775,0.0001955,0.0001,293.15,0
0.0007875,0.0001955,0.0001,293.15,0
0.0008,0.0001955,0.0001,293.15,0
0.0008125,0.0001955,0.0001,293.15,0
0.000825,0.0001955,0.0001,293.15,0
0.0008375,0.0001955,0.0001,293.15,0
0.00085,0.0001955,0.0001,293.15,0
0.0008625,0.0001955,0.0001,293.15,0
0.000875,0.0001955,0.0001,293.15,0
0.0008875,0.0001955,0.0001,293.15,0
0.0009,0.0001955,0.0001,293.15,0
0.0009125,0.0001955,0.0001,293.15,0
0.000925,0.0001955,0.0001,293.15,0
0.0009375,0.0001955,0.0001,293.15,0
0.00095,0.0001955,0.0001,293.15,0
0.0009625,0.0001955,0.0001,293.15,0
0.000975,0.0001955,0.0001,293.15,0
0.0009875,0.0001955,0.0001,293.15,0
0.001,0.0001955,0.0001,293.15,0
1.25e-05,0.00019933,0.0001,295.12,0
0,0.00019933,0.0001,293.63,0
2.5e-05,0.00019933,0.0001,297.26,0
3.75e-05,0.00019933,0.0001,299.73,0
5e-05,0.00019933,0.0001,302.71,0
6.25e-05,0.00019933,0.0001,306.37,0
7.5e-05,0.00019933,0.0001,310.93,0
8.75e-05,0.00019933,0.0001,316.57,0
0.0001,0.00019933,0.0001,323.49,0
0.0001125,0.00019933,0.0001,331.92,0
0.000125,0.00019933,0.0001,342.05,0
0.0001375,0.00019933,0.0001,354.06,0
0.00015,0.00019933,0.0001,368.14,0
0.0001625,0.00019933,0.0001,384.43,0
0.000175,0.00019933,0.0001,403.04,0
0.0001875,0.00019933,0.0001,424.09,0
0.0002,0.00019933,0.0001,447.64,0
0.0002125,0.00019933,0.0001,473.77,0
0.000225,0.00019933,0.0001,502.53,0
0.0002375,0.00019933,0.0001,533.98,0
0.00025,0.00019933,0.0001,568.22,0
0.0002625,0.00019933,0.0001,605.36,0
0.000275,0.00019933,0.0001,645.54,0
0.0002875,0.00019933,0.0001,688.96,0
0.0003,0.00019933,0.0001,735.84,0
0.0003125,0.00019933,0.0001,786.44,0
0.000325,0.00019933,0.0001,841.05,0
0.0003375,0.00019933,0.0001,899.95,0
0.00035,0.00019933,0.0001,963.42,0
0.0003625,0.00019933,0.0001,1031.7,0
0.000375,0.00019933,0.0001,1104.7,0
0.0003875,0.00019933,0.0001,1182,0
0.0004,0.00019933,0.0001,1261.9,0
0.0004125,0.00019933,0.0001,1340.7,0
0.000425,0.00019933,0.0001,1411.4,0
0.0004375,0.00019933,0.0001,1463.8,0
0.00045,0.00019933,0.0001,1485.5,0
0.0004625,0.00019933,0.0001,1464.6,0
0.000475,0.00019933,0.0001,1393.7,0
0.0004875,0.00019933,0.0001,1273.3,0
0.0005,0.00019933,0.0001,1113.8,0
0.0005125,0.00019933,0.0001,934.39,0
0.000525,0.00019933,0.0001,758.47,0
0.0005375,0.00019933,0.0001,606.43,0
0.00055,0.00019933,0.0001,489.63,0
0.0005625,0.00019933,0.0001,408.96,0
0.000575,0.00019933,0.0001,358.1,0
0.0005875,0.00019933,0.0001,328.26,0
0.0006,0.00019933,0.0001,311.67,0
0.0006125,0.00019933,0.0001,302.77,0
0.000625,0.00019933,0.0001,298.1,0
0.0006375,0.00019933,0.0001,295.68,0
0.00065,0.00019933,0.0001,294.44,0
0.0006625,0.00019933,0.0001,293.8,0
0.000675,0.00019933,0.0001,293.48,0
0.0006875,0.00019933,0.0001,293.31,0
0.0007,0.00019933,0.0001,293.23,0
0.0007125,0.00019933,0.0001,293.19,0
0.000725,0.00019933,0.0001,293.17,0
0.0007375,0.00019933,0.0001,293.16,0
0.00075,0.00019933,0.0001,293.15,0
0.0007625,0.00019933,0.0001,293.15,0
0.000775,0.00019933,0.0001,293.15,0
0.0007875,0.00019933,0.0001,293.15,0
0.0008,0.00019933,0.0001,293.15,0
0.0008125,0.00019933,0.0001,293.15,0
0.000825,0.00019933,0.0001,293.15,0
0.0008375,0.00019933,0.0001,293.15,0
0.00085,0.00019933,0.0001,293.15,0
0.0008625,0.00019933,0.0001,293.15,0
0.000875,0.00019933,0.0001,293.15,0
0.0008875,0.00019933,0.0001,293.15,0
0.0009,0.00019933,0.0001,293.15,0
0.0009125,0.00019933,0.0001,293.15,0
0.000925,0.00019933,0.0001,293.15,0
0.0009375,0.00019933,0.0001,293.15,0
0.00095,0.00019933,0.0001,293.15,0
0.0009625,0.00019933,0.0001,293.15,0
0.000975,0.00019933,0.0001,293.15,0
0.0009875,0.00019933,0.0001,293.15,0
0.001,0.00019933,0.0001,293.15,0
1.25e-05,0.00020317,0.0001,294.89,0
0,0.00020317,0.0001,293.58,0
2.5e-05,0.00020317,0.0001,296.77,0
3.75e-05,0.00020317,0.0001,298.95,0
5e-05,0.00020317,0.0001,301.57,0
6.25e-05,0.00020317,0.0001,304.81,0
7.5e-05,0.00020317,0.0001,308.82,0
8.75e-05,0.00020317,0.0001,313.8,0
0.0001,0.00020317,0.0001,319.92,0
0.0001125,0.00020317,0.0001,327.36,0
0.000125,0.00020317,0.0001,336.32,0
0.0001375,0.00020317,0.0001,346.95,0
0.00015,0.00020317,0.0001,359.42,0
0.0001625,0.00020317,0.0001,373.87,0
0.000175,0.00020317,0.0001,390.41,0
0.0001875,0.00020317,0.0001,409.13,0
0.0002,0.00020317,0.0001,430.12,0
0.0002125,0.00020317,0.0001,453.43,0
0.000225,0.00020317,0.0001,479.14,0
0.0002375,0.00020317,0.0001,507.31,0
0.00025,0.00020317,0.0001,538.03,0
0.0002625,0.00020317,0.0001,571.4,0
0.000275,0.00020317,0.0001,607.55,0
0.0002875,0.00020317,0.0001,646.67,0
0.0003,0.00020317,0.0001,688.94,0
0.0003125,0.00020317,0.0001,734.58,0
0.000325,0.00020317,0.0001,783.82,0
0.0003375,0.00020317,0.0001,836.87,0
0.00035,0.00020317,0.0001,893.91,0
0.0003625,0.00020317,0.0001,954.99,0
0.000375,0.00020317,0.0001,1020,0
0.0003875,0.00020317,0.0001,1088.1,0
0.0004,0.00020317,0.0001,1157.8,0
0.0004125,0.00020317,0.0001,1225.4,0
0.000425,0.00020317,0.0001,1284.9,0
0.0004375,0.00020317,0.0001,1327.3,0
0.00045,0.00020317,0.0001,1341.9,0
0.0004625,0.00020317,0.0001,1318.7,0
0.000475,0.00020317,0.0001,1251.8,0
0.0004875,0.00020317,0.0001,1142.3,0
0.0005,0.00020317,0.0001,1000.1,0
0.0005125,0.00020317,0.0001,842.55,0
0.000525,0.00020317,0.0001,690.03,0
0.0005375,0.00020317,0.0001,559.59,0
0.00055,0.00020317,0.0001,460.12,0
0.0005625,0.00020317,0.0001,391.71,0
0.000575,0.00020317,0.0001,348.6,0
0.0005875,0.00020317,0.0001,323.26,0
0.0006,0.00020317,0.0001,309.11,0
0.0006125,0.00020317,0.0001,301.47,0
0.000625,0.00020317,0.0001,297.45,0
0.0006375,0.00020317,0.0001,295.35,0
0.00065,0.00020317,0.0001,294.27,0
0.0006625,0.00020317,0.0001,293.72,0
0.000675,0.00020317,0.0001,293.44,0
0.0006875,0.00020317,0.0001,293.29,0
0.0007,0.00020317,0.0001,293.22,0
0.0007125,0.00020317,0.0001,293.19,0
0.000725,0.00020317,0.0001,293.17,0
0.0007375,0.00020317,0.0001,293.16,0
0.00075,0.00020317,0.0001,293.15,0
0.0007625,0.00020317,0.0001,293.15,0
0.000775,0.00020317,0.0001,293.15,0
0.0007875,0.00020317,0.0001,293.15,0
0.0008,0.00020317,0.0001,293.15,0
0.0008125,0.00020317,0.0001,293.15,0
0.000825,0.00020317,0.0001,293.15,0
0.0008375,0.00020317,0.0001,293.15,0
0.00085,0.00020317,0.0001,293.15,0
0.0008625,0.00020317,0.0001,293.15,0
0.000875,0.00020317,0.0001,293.15,0
0.0008875,0.00020317,0.0001,293.15,0
0.0009,0.00020317,0.0001,293.15,0
0.0009125,0.00020317,0.0001,293.15,0
0.000925,0.00020317,0.0001,293.15,0
0.0009375,0.00020317,0.0001,293.15,0
0.00095,0.00020317,0.0001,293.15,0
0.0009625,0.00020317,0.0001,293.15,0
0.000975,0.00020317,0.0001,293.15,0
0.0009875,0.00020317,0.0001,293.15,0
0.001,0.00020317,0.0001,293.15,0
1.25e-05,0.000207,0.0001,294.65,0
0,0.000207,0.0001,293.52,0
2.5e-05,0.000207,0.0001,296.27,0
3.75e-05,0.000207,0.0001,298.15,0
5e-05,0.000207,0.0001,300.41,0
6.25e-05,0.000207,0.0001,303.21,0
7.5e-05,0.000207,0.0001,306.67,0
8.75e-05,0.000207,0.0001,310.97,0
0.0001,0.000207,0.0001,316.26,0
0.0001125,0.000207,0.0001,322.7,0
0.000125,0.000207,0.0001,330.45,0
0.0001375,0.000207,0.0001,339.66,0
0.00015,0.000207,0.0001,350.48,0
0.0001625,0.000207,0.0001,363.02,0
0.000175,0.000207,0.0001,377.4,0
0.0001875,0.000207,0.0001,393.7,0
0.0002,0.000207,0.0001,412.01,0
0.0002125,0.000207,0.0001,432.38,0
0.000225,0.000207,0.0001,454.89,0
0.0002375,0.000207,0.0001,479.6,0
0.00025,0.000207,0.0001,506.59,0
0.0002625,0.000207,0.0001,535.97,0
0.000275,0.000207,0.0001,567.85,0
0.0002875,0.000207,0.0001,602.4,0
0.0003,0.000207,0.0001,639.78,0
0.0003125,0.000207,0.0001,680.17,0
0.000325,0.000207,0.0001,723.75,0
0.0003375,0.000207,0.0001,770.69,0
0.00035,0.000207,0.0001,821.06,0
0.0003625,0.000207,0.0001,874.84,0
0.000375,0.000207,0.0001,931.74,0
0.0003875,0.000207,0.0001,991.01,0
0.0004,0.000207,0.0001,1051,0
0.0004125,0.000207,0.0001,1108.3,0
0.000425,0.000207,0.0001,1157.7,0
0.0004375,0.000207,0.0001,1191.4,0
0.00045,0.000207,0.0001,1200.4,0
0.0004625,0.000207,0.0001,1176.3,0
0.000475,0.000207,0.0001,1114.4,0
0.0004875,0.000207,0.0001,1016.6,0
0.0005,0.000207,0.0001,892.04,0
0.0005125,0.000207,0.0001,756.04,0
0.000525,0.000207,0.0001,626.02,0
0.0005375,0.000207,0.0001,515.96,0
0.00055,0.000207,0.0001,432.65,0
0.0005625,0.000207,0.0001,375.58,0
0.000575,0.000207,0.0001,339.65,0
0.0005875,0.000207,0.0001,318.49,0
0.0006,0.000207,0.0001,306.64,0
0.0006125,0.000207,0.0001,300.21,0
0.000625,0.000207,0.0001,296.81,0
0.0006375,0.000207,0.0001,295.03,0
0.00065,0.000207,0.0001,294.11,0
0.0006625,0.000207,0.0001,293.64,0
0.000675,0.000207,0.0001,293.4,0
0.0006875,0.000207,0.0001,293.27,0
0.0007,0.000207,0.0001,293.21,0
0.0007125,0.000207,0.0001,293.18,0
0.000725,0.000207,0.0001,293.17,0
0.0007375,0.000207,0.0001,293.16,0
0.00075,0.000207,0.0001,293.15,0
0.0007625,0.000207,0.0001,293.15,0
0.000775,0.000207,0.0001,293.15,0
0.0007875,0.000207,0.0001,293.15,0
0.0008,0.000207,0.0001,293.15,0
0.0008125,0.000207,0.0001,293.15,0
0.000825,0.000207,0.0001,293.15,0
0.0008375,0.000207,0.0001,293.15,0
0.00085,0.000207,0.0001,293.15,0
0.0008625,0.000207,0.0001,293.15,0
0.000875,0.000207,0.0001,293.15,0
0.0008875,0.000207,0.0001,293.15,0
0.0009,0.000207,0.0001,293.15,0
0.0009125,0.000207,0.0001,293.15,0
0.000925,0.000207,0.0001,293.15,0
0.0009375,0.000207,0.0001,293.15,0
0.00095,0.000207,0.0001,293.15,0
0.0009625,0.000207,0.0001,293.15,0
0.000975,0.000207,0.0001,293.15,0
0.0009875,0.000207,0.0001,293.15,0
0.001,0.000207,0.0001,293.15,0
1.25e-05,0.00021083,0.0001,294.41,0
0,0.00021083,0.0001,293.46,0
2.5e-05,0.00021083,0.0001,295.77,0
3.75e-05,0.00021083,0.0001,297.34,0
5e-05,0.00021083,0.0001,299.24,0
6.25e-05,0.00021083,0.0001,301.58,0
7.5e-05,0.00021083,0.0001,304.48,0
8.75e-05,0.00021083,0.0001,308.09,0
0.0001,0.00021083,0.0001,312.53,0
0.0001125,0.00021083,0.0001,317.94,0
0.000125,0.00021083,0.0001,324.45,0
0.0001375,0.00021083,0.0001,332.21,0
0.00015,0.00021083,0.0001,341.32,0
0.0001625,0.00021083,0.0001,351.9,0
0.000175,0.00021083,0.0001,364.04,0
0.0001875,0.00021083,0.0001,377.84,0
0.0002,0.00021083,0.0001,393.36,0
0.0002125,0.00021083,0.0001,410.66,0
0.000225,0.00021083,0.0001,429.81,0
0.0002375,0.00021083,0.0001,450.87,0
0.00025,0.00021083,0.0001,473.93,0
0.0002625,0.00021083,0.0001,499.08,0
0.000275,0.00021083,0.0001,526.43,0
0.0002875,0.00021083,0.0001,556.12,0
0.0003,0.00021083,0.0001,588.29,0
0.0003125,0.00021083,0.0001,623.1,0
0.000325,0.00021083,0.0001,660.7,0
0.0003375,0.00021083,0.0001,701.19,0
0.00035,0.00021083,0.0001,744.61,0
0.0003625,0.00021083,0.0001,790.86,0
0.000375,0.00021083,0.0001,839.61,0
0.0003875,0.00021083,0.0001,890.08,0
0.0004,0.00021083,0.0001,940.67,0
0.0004125,0.00021083,0.0001,988.48,0
0.000425,0.00021083,0.0001,1028.8,0
0.0004375,0.00021083,0.0001,1055.1,0
0.00045,0.00021083,0.0001,1059.9,0
0.0004625,0.00021083,0.0001,1036.3,0
0.000475,0.00021083,0.0001,980.82,0
0.0004875,0.00021083,0.0001,895.58,0
0.0005,0.00021083,0.0001,788.95,0
0.0005125,0.00021083,0.0001,674.23,0
0.000525,0.00021083,0.0001,565.91,0
0.0005375,0.00021083,0.0001,475.14,0
0.00055,0.00021083,0.0001,406.96,0
0.0005625,0.00021083,0.0001,360.45,0
0.000575,0.00021083,0.0001,331.2,0
0.0005875,0.00021083,0.0001,313.95,0
0.0006,0.00021083,0.0001,304.25,0
0.0006125,0.00021083,0.0001,298.98,0
0.000625,0.00021083,0.0001,296.18,0
0.0006375,0.00021083,0.0001,294.71,0
0.00065,0.00021083,0.0001,293.95,0
0.0006625,0.00021083,0.0001,293.56,0
0.000675,0.00021083,0.0001,293.36,0
0.0006875,0.00021083,0.0001,293.25,0
0.0007,0.00021083,0.0001,293.2,0
0.0007125,0.00021083,0.0001,293.18,0
0.000725,0.00021083,0.0001,293.16,0
0.0007375,0.00021083,0.0001,293.16,0
0.00075,0.00021083,0.0001,293.15,0
0.0007625,0.00021083,0.0001,293.15,0
0.000775,0.00021083,0.0001,293.15,0
0.0007875,0.00021083,0.0001,293.15,0
0.0008,0.00021083,0.0001,293.15,0
0.0008125,0.00021083,0.0001,293.15,0
0.000825,0.00021083,0.0001,293.15,0
0.0008375,0.00021083,0.0001,293.15,0
0.00085,0.00021083,0.0001,293.15,0
0.0008625,0.00021083,0.0001,293.15,0
0.000875,0.00021083,0.0001,293.15,0
0.0008875,0.00021083,0.0001,293.15,0
0.0009,0.00021083,0.0001,293.15,0
0.0009125,0.00021083,0.0001,293.15,0
0.000925,0.00021083,0.0001,293.15,0
0.0009375,0.00021083,0.0001,293.15,0
0.00095,0.00021083,0.0001,293.15,0
0.0009625,0.00021083,0.0001,293.15,0
0.000975,0.00021083,0.0001,293.15,0
0.0009875,0.00021083,0.0001,293.15,0
0.001,0.00021083,0.0001,293.15,0
1.25e-05,0.00021467,0.0001,294.16,0
0,0.00021467,0.0001,293.4,0
2.5e-05,0.00021467,0.0001,295.25,0
3.75e-05,0.00021467,0.0001,296.52,0
5e-05,0.00021467,0.0001,298.04,0
6.25e-05,0.00021467,0.0001,299.92,0
7.5e-05,0.00021467,0.0001,302.26,0
8.75e-05,0.00021467,0.0001,305.16,0
0.0001,0.00021467,0.0001,308.74,0
0.0001125,0.00021467,0.0001,313.1,0
0.000125,0.00021467,0.0001,318.35,0
0.0001375,0.00021467,0.0001,324.61,0
0.00015,0.00021467,0.0001,331.97,0
0.0001625,0.00021467,0.0001,340.53,0
0.000175,0.00021467,0.0001,350.37,0
0.0001875,0.00021467,0.0001,361.57,0
0.0002,0.00021467,0.0001,374.19,0
0.0002125,0.00021467,0.0001,388.28,0
0.000225,0.00021467,0.0001,403.92,0
0.0002375,0.00021467,0.0001,421.16,0
0.00025,0.00021467,0.0001,440.07,0
0.0002625,0.00021467,0.0001,460.74,0
0.000275,0.00021467,0.0001,483.28,0
0.0002875,0.00021467,0.0001,507.79,0
0.0003,0.00021467,0.0001,534.41,0
0.0003125,0.00021467,0.0001,563.27,0
0.000325,0.00021467,0.0001,594.48,0
0.0003375,0.00021467,0.0001,628.12,0
0.00035,0.00021467,0.0001,664.2,0
0.0003625,0.00021467,0.0001,702.6,0
0.000375,0.00021467,0.0001,742.98,0
0.0003875,0.00021467,0.0001,784.6,0
0.0004,0.00021467,0.0001,826.04,0
0.0004125,0.00021467,0.0001,864.79,0
0.000425,0.00021467,0.0001,896.92,0
0.0004375,0.00021467,0.0001,917.01,0
0.00045,0.00021467,0.0001,918.9,0
0.0004625,0.00021467,0.0001,897.24,0
0.000475,0.00021467,0.0001,849.52,0
0.0004875,0.00021467,0.0001,777.9,0
0.0005,0.00021467,0.0001,689.76,0
0.0005125,0.00021467,0.0001,596.24,0
0.000525,0.00021467,0.0001,509.03,0
0.0005375,0.00021467,0.0001,436.69,0
0.00055,0.00021467,0.0001,382.75,0
0.0005625,0.00021467,0.0001,346.13,0
0.000575,0.00021467,0.0001,323.15,0
0.0005875,0.00021467,0.0001,309.58,0
0.0006,0.00021467,0.0001,301.95,0
0.0006125,0.00021467,0.0001,297.78,0
0.000625,0.00021467,0.0001,295.56,0
0.0006375,0.00021467,0.0001,294.39,0
0.00065,0.00021467,0.0001,293.79,0
0.0006625,0.00021467,0.0001,293.48,0
0.000675,0.00021467,0.0001,293.31,0
0.0006875,0.00021467,0.0001,293.23,0
0.0007,0.00021467,0.0001,293.19,0
0.0007125,0.00021467,0.0001,293.17,0
0.000725,0.00021467,0.0001,293.16,0
0.0007375,0.00021467,0.0001,293.16,0
0.00075,0.00021467,0.0001,293.15,0
0.0007625,0.00021467,0.0001,293.15,0
0.000775,0.00021467,0.0001,293.15,0
0.0007875,0.00021467,0.0001,293.15,0
0.0008,0.00021467,0.0001,293.15,0
0.0008125,0.00021467,0.0001,293.15,0
0.000825,0.00021467,0.0001,293.15,0
0.0008375,0.00021467,0.0001,293.15,0
0.00085,0.00021467,0.0001,293.15,0
0.0008625,0.00021467,0.0001,293.15,0
0.000875,0.00021467,0.0001,293.15,0
0.0008875,0.00021467,0.0001,293.15,0
0.0009,0.00021467,0.0001,293.15,0
0.0009125,0.00021467,0.0001,293.15,0
0.000925,0.00021467,0.0001,293.15,0
0.0009375,0.00021467,0.0001,293.15,0
0.00095,0.00021467,0.0001,293.15,0
0.0009625,0.00021467,0.0001,293.15,0
0.000975,0.00021467,0.0001,293.15,0
0.0009875,0.00021467,0.0001,293.15,0
0.001,0.00021467,0.0001,293.15,0
1.25e-05,0.0002185,0.0001,293.91,0
0,0.0002185,0.0001,293.34,0
2.5e-05,0.0002185,0.0001,294.73,0
3.75e-05,0.0002185,0.0001,295.68,0
5e-05,0.0002185,0.0001,296.83,0
6.25e-05,0.0002185,0.0001,298.25,0
7.5e-05,0.0002185,0.0001,300.01,0
8.75e-05,0.0002185,0.0001,302.2,0
0.0001,0.0002185,0.0001,304.89,0
0.0001125,0.0002185,0.0001,308.18,0
0.000125,0.0002185,0.0001,312.15,0
0.0001375,0.0002185,0.0001,316.88,0
0.00015,0.0002185,0.0001,322.45,0
0.0001625,0.0002185,0.0001,328.94,0
0.000175,0.0002185,0.0001,336.41,0
0.0001875,0.0002185,0.0001,344.93,0
0.0002,0.0002185,0.0001,354.54,0
0.0002125,0.0002185,0.0001,365.3,0
0.000225,0.0002185,0.0001,377.26,0
0.0002375,0.0002185,0.0001,390.48,0
0.00025,0.0002185,0.0001,405.02,0
0.0002625,0.0002185,0.0001,420.96,0
0.000275,0.0002185,0.0001,438.37,0
0.0002875,0.0002185,0.0001,457.36,0
0.0003,0.0002185,0.0001,478.04,0
0.0003125,0.0002185,0.0001,500.51,0
0.000325,0.0002185,0.0001,524.86,0
0.0003375,0.0002185,0.0001,551.16,0
0.00035,0.0002185,0.0001,579.41,0
0.0003625,0.0002185,0.0001,609.48,0
0.000375,0.0002185,0.0001,641.08,0
0.0003875,0.0002185,0.0001,673.58,0
0.0004,0.0002185,0.0001,705.82,0
0.0004125,0.0002185,0.0001,735.77,0
0.000425,0.0002185,0.0001,760.27,0
0.0004375,0.0002185,0.0001,775.09,0
0.00045,0.0002185,0.0001,775.4,0
0.0004625,0.0002185,0.0001,757.15,0
0.000475,0.0002185,0.0001,718.61,0
0.0004875,0.0002185,0.0001,661.87,0
0.0005,0.0002185,0.0001,593.03,0
0.0005125,0.0002185,0.0001,520.96,0
0.000525,0.0002185,0.0001,454.54,0
0.0005375,0.0002185,0.0001,400.02,0
0.00055,0.0002185,0.0001,359.7,0
0.0005625,0.0002185,0.0001,332.47,0
0.000575,0.0002185,0.0001,315.42,0
0.0005875,0.0002185,0.0001,305.37,0
0.0006,0.0002185,0.0001,299.7,0
0.0006125,0.0002185,0.0001,296.61,0
0.000625,0.0002185,0.0001,294.95,0
0.0006375,0.0002185,0.0001,294.08,0
0.00065,0.0002185,0.0001,293.63,0
0.0006625,0.0002185,0.0001,293.39,0
0.000675,0.0002185,0.0001,293.27,0
0.0006875,0.0002185,0.0001,293.21,0
0.0007,0.0002185,0.0001,293.18,0
0.0007125,0.0002185,0.0001,293.17,0
0.000725,0.0002185,0.0001,293.16,0
0.0007375,0.0002185,0.0001,293.15,0
0.00075,0.0002185,0.0001,293.15,0
0.0007625,0.0002185,0.0001,293.15,0
0.000775,0.0002185,0.0001,293.15,0
0.0007875,0.0002185,0.0001,293.15,0
0.0008,0.0002185,0.0001,293.15,0
0.0008125,0.0002185,0.0001,293.15,0
0.000825,0.0002185,0.0001,293.15,0
0.0008375,0.0002185,0.0001,293.15,0
0.00085,0.0002185,0.0001,293.15,0
0.0008625,0.0002185,0.0001,293.15,0
0.000875,0.0002185,0.0001,293.15,0
0.0008875,0.0002185,0.0001,293.15,0
0.0009,0.0002185,0.0001,293.15,0
0.0009125,0.0002185,0.0001,293.15,0
0.000925,0.0002185,0.0001,293.15,0
0.0009375,0.0002185,0.0001,293.15,0
0.00095,0.0002185,0.0001,293.15,0
0.0009625,0.0002185,0.0001,293.15,0
0.000975,0.0002185,0.0001,293.15,0
0.0009875,0.0002185,0.0001,293.15,0
0.001,0.0002185,0.0001,293.15,0
1.25e-05,0.00022233,0.0001,293.66,0
0,0.00022233,0.0001,293.27,0
2.5e-05,0.00022233,0.0001,294.21,0
3.75e-05,0.00022233,0.0001,294.84,0
5e-05,0.00022233,0.0001,295.61,0
6.25e-05,0.00022233,0.0001,296.56,0
7.5e-05,0.00022233,0.0001,297.74,0
8.75e-05,0.00022233,0.0001,299.2,0
0.0001,0.00022233,0.0001,301.01,0
0.0001125,0.00022233,0.0001,303.21,0
0.000125,0.00022233,0.0001,305.87,0
0.0001375,0.00022233,0.0001,309.05,0
0.00015,0.00022233,0.0001,312.8,0
0.0001625,0.00022233,0.0001,317.16,0
0.000175,0.00022233,0.0001,322.2,0
0.0001875,0.00022233,0.0001,327.95,0
0.0002,0.00022233,0.0001,334.45,0
0.0002125,0.00022233,0.0001,341.75,0
0.000225,0.00022233,0.0001,349.88,0
0.0002375,0.00022233,0.0001,358.88,0
0.00025,0.00022233,0.0001,368.81,0
0.0002625,0.00022233,0.0001,379.73,0
0.000275,0.00022233,0.0001,391.69,0
0.0002875,0.00022233,0.0001,404.78,0
0.0003,0.00022233,0.0001,419.07,0
0.0003125,0.00022233,0.0001,434.65,0
0.000325,0.00022233,0.0001,451.58,0
0.0003375,0.00022233,0.0001,469.92,0
0.00035,0.00022233,0.0001,489.67,0
0.0003625,0.00022233,0.0001,510.73,0
0.000375,0.00022233,0.0001,532.91,0
0.0003875,0.00022233,0.0001,555.73,0
0.0004,0.00022233,0.0001,578.37,0
0.0004125,0.00022233,0.0001,599.37,0
0.000425,0.00022233,0.0001,616.47,0
0.0004375,0.00022233,0.0001,626.64,0
0.00045,0.00022233,0.0001,626.45,0
0.0004625,0.00022233,0.0001,613.05,0
0.000475,0.00022233,0.0001,585.37,0
0.0004875,0.00022233,0.0001,545.11,0
0.0005,0.00022233,0.0001,496.85,0
0.0005125,0.00022233,0.0001,446.92,0
0.000525,0.00022233,0.0001,401.44,0
0.0005375,0.00022233,0.0001,364.51,0
0.00055,0.00022233,0.0001,337.43,0
0.0005625,0.00022233,0.0001,319.26,0
0.000575,0.00022233,0.0001,307.92,0
0.0005875,0.00022233,0.0001,301.25,0
0.0006,0.00022233,0.0001,297.5,0
0.0006125,0.00022233,0.0001,295.45,0
0.000625,0.00022233,0.0001,294.35,0
0.0006375,0.00022233,0.0001,293.77,0
0.00065,0.00022233,0.0001,293.47,0
0.0006625,0.00022233,0.0001,293.31,0
0.000675,0.00022233,0.0001,293.23,0
0.0006875,0.00022233,0.0001,293.19,0
0.0007,0.00022233,0.0001,293.17,0
0.0007125,0.00022233,0.0001,293.16,0
0.000725,0.00022233,0.0001,293.16,0
0.0007375,0.00022233,0.0001,293.15,0
0.00075,0.00022233,0.0001,293.15,0
0.0007625,0.00022233,0.0001,293.15,0
0.000775,0.00022233,0.0001,293.15,0
0.0007875,0.00022233,0.0001,293.15,0
0.0008,0.00022233,0.0001,293.15,0
0.0008125,0.00022233,0.0001,293.15,0
0.000825,0.00022233,0.0001,293.15,0
0.0008375,0.00022233,0.0001,293.15,0
0.00085,0.00022233,0.0001,293.15,0
0.0008625,0.00022233,0.0001,293.15,0
0.000875,0.00022233,0.0001,293.15,0
0.0008875,0.00022233,0.0001,293.15,0
0.0009,0.00022233,0.0001,293.15,0
0.0009125,0.00022233,0.0001,293.15,0
0.000925,0.00022233,0.0001,293.15,0
0.0009375,0.00022233,0.0001,293.15,0
0.00095,0.00022233,0.0001,293.15,0
0.0009625,0.00022233,0.0001,293.15,0
0.000975,0.00022233,0.0001,293.15,0
0.0009875,0.00022233,0.0001,293.15,0
0.001,0.00022233,0.0001,293.15,0
1.25e-05,0.00022617,0.0001,293.4,0
0,0.00022617,0.0001,293.21,0
2.5e-05,0.00022617,0.0001,293.68,0
3.75e-05,0.00022617,0.0001,294,0
5e-05,0.00022617,0.0001,294.38,0
6.25e-05,0.00022617,0.0001,294.86,0
7.5e-05,0.00022617,0.0001,295.45,0
8.75e-05,0.00022617,0.0001,296.18,0
0.0001,0.00022617,0.0001,297.09,0
0.0001125,0.00022617,0.0001,298.2,0
0.000125,0.00022617,0.0001,299.53,0
0.0001375,0.00022617,0.0001,301.13,0
0.00015,0.00022617,0.0001,303.02,0
0.0001625,0.00022617,0.0001,305.22,0
0.000175,0.00022617,0.0001,307.76,0
0.0001875,0.00022617,0.0001,310.67,0
0.0002,0.00022617,0.0001,313.96,0
0.0002125,0.00022617,0.0001,317.66,0
0.000225,0.00022617,0.0001,321.8,0
0.0002375,0.00022617,0.0001,326.39,0
0.00025,0.00022617,0.0001,331.47,0
0.0002625,0.00022617,0.0001,337.06,0
0.000275,0.00022617,0.0001,343.21,0
0.0002875,0.00022617,0.0001,349.97,0
0.0003,0.00022617,0.0001,357.36,0
0.0003125,0.00022617,0.0001,365.46,0
0.000325,0.00022617,0.0001,374.29,0
0.0003375,0.00022617,0.0001,383.88,0
0.00035,0.00022617,0.0001,394.25,0
0.0003625,0.00022617,0.0001,405.36,0
0.000375,0.00022617,0.0001,417.1,0
0.0003875,0.00022617,0.0001,429.24,0
0.0004,0.00022617,0.0001,441.36,0
0.0004125,0.00022617,0.0001,452.68,0
0.000425,0.00022617,0.0001,461.99,0
0.0004375,0.00022617,0.0001,467.63,0
0.00045,0.00022617,0.0001,467.69,0
0.0004625,0.00022617,0.0001,460.58,0
0.000475,0.00022617,0.0001,445.74,0
0.0004875,0.00022617,0.0001,424.18,0
0.0005,0.00022617,0.0001,398.49,0
0.0005125,0.00022617,0.0001,372.15,0
0.000525,0.00022617,0.0001,348.42,0
0.0005375,0.00022617,0.0001,329.35,0
0.00055,0.00022617,0.0001,315.5,0
0.0005625,0.00022617,0.0001,306.27,0
0.000575,0.00022617,0.0001,300.55,0
0.0005875,0.00022617,0.0001,297.2,0
0.0006,0.00022617,0.0001,295.32,0
0.0006125,0.00022617,0.0001,294.3,0
0.000625,0.00022617,0.0001,293.75,0
0.0006375,0.00022617,0.0001,293.46,0
0.00065,0.00022617,0.0001,293.31,0
0.0006625,0.00022617,0.0001,293.23,0
0.000675,0.00022617,0.0001,293.19,0
0.0006875,0.00022617,0.0001,293.17,0
0.0007,0.00022617,0.0001,293.16,0
0.0007125,0.00022617,0.0001,293.16,0
0.000725,0.00022617,0.0001,293.15,0
0.0007375,0.00022617,0.0001,293.15,0
0.00075,0.00022617,0.0001,293.15,0
0.0007625,0.00022617,0.0001,293.15,0
0.000775,0.00022617,0.0001,293.15,0
0.0007875,0.00022617,0.0001,293.15,0
0.0008,0.00022617,0.0001,293.15,0
0.0008125,0.00022617,0.0001,293.15,0
0.000825,0.00022617,0.0001,293.15,0
0.0008375,0.00022617,0.0001,293.15,0
0.00085,0.00022617,0.0001,293.15,0
0.0008625,0.00022617,0.0001,293.15,0
0.000875,0.00022617,0.0001,293.15,0
0.0008875,0.00022617,0.0001,293.15,0
0.0009,0.00022617,0.0001,293.15,0
0.0009125,0.00022617,0.0001,293.15,0
0.000925,0.00022617,0.0001,293.15,0
0.0009375,0.00022617,0.0001,293.15,0
0.00095,0.00022617,0.0001,293.15,0
0.0009625,0.00022617,0.0001,293.15,0
0.000975,0.00022617,0.0001,293.15,0
0.0009875,0.00022617,0.0001,293.15,0
0.001,0.00022617,0.0001,293.15,0
1.25e-05,0.00023,0.0001,293.21,0
0,0.00023,0.0001,293.17,0
2.5e-05,0.00023,0.0001,293.28,0
3.75e-05,0.00023,0.0001,293.36,0
5e-05,0.00023,0.0001,293.46,0
6.25e-05,0.00023,0.0001,293.58,0
7.5e-05,0.00023,0.0001,293.73,0
8.75e-05,0.00023,0.0001,293.91,0
0.0001,0.00023,0.0001,294.14,0
0.0001125,0.00023,0.0001,294.41,0
0.000125,0.00023,0.0001,294.75,0
0.0001375,0.00023,0.0001,295.15,0
0.00015,0.00023,0.0001,295.62,0
0.0001625,0.00023,0.0001,296.18,0
0.000175,0.00023,0.0001,296.82,0
0.0001875,0.00023,0.0001,297.55,0
0.0002,0.00023,0.0001,298.38,0
0.0002125,0.00023,0.0001,299.32,0
0.000225,0.00023,0.0001,300.37,0
0.0002375,0.00023,0.0001,301.54,0
0.00025,0.00023,0.0001,302.83,0
0.0002625,0.00023,0.0001,304.26,0
0.000275,0.00023,0.0001,305.84,0
0.0002875,0.00023,0.0001,307.57,0
0.0003,0.00023,0.0001,309.48,0
0.0003125,0.00023,0.0001,311.57,0
0.000325,0.00023,0.0001,313.87,0
0.0003375,0.00023,0.0001,316.37,0
0.00035,0.00023,0.0001,319.09,0
0.0003625,0.00023,0.0001,322.01,0
0.000375,0.00023,0.0001,325.12,0
0.0003875,0.00023,0.0001,328.37,0
0.0004,0.00023,0.0001,331.64,0
0.0004125,0.00023,0.0001,334.74,0
0.000425,0.00023,0.0001,337.35,0
0.0004375,0.00023,0.0001,339.01,0
0.00045,0.00023,0.0001,339.17,0
0.0004625,0.00023,0.0001,337.37,0
0.000475,0.00023,0.0001,333.43,0
0.0004875,0.00023,0.0001,327.65,0
0.0005,0.00023,0.0001,320.75,0
0.0005125,0.00023,0.0001,313.73,0
0.000525,0.00023,0.0001,307.45,0
0.0005375,0.00023,0.0001,302.45,0
0.00055,0.00023,0.0001,298.85,0
0.0005625,0.00023,0.0001,296.48,0
0.000575,0.00023,0.0001,295.02,0
0.0005875,0.00023,0.0001,294.17,0
0.0006,0.00023,0.0001,293.69,0
0.0006125,0.00023,0.0001,293.44,0
0.000625,0.00023,0.0001,293.3,0
0.0006375,0.00023,0.0001,293.23,0
0.00065,0.00023,0.0001,293.19,0
0.0006625,0.00023,0.0001,293.17,0
0.000675,0.00023,0.0001,293.16,0
0.0006875,0.00023,0.0001,293.16,0
0.0007,0.00023,0.0001,293.15,0
0.0007125,0.00023,0.0001,293.15,0
0.000725,0.00023,0.0001,293.15,0
0.0007375,0.00023,0.0001,293.15,0
0.00075,0.00023,0.0001,293.15,0
0.0007625,0.00023,0.0001,293.15,0
0.000775,0.00023,0.0001,293.15,0
0.0007875,0.00023,0.0001,293.15,0
0.0008,0.00023,0.0001,293.15,0
0.0008125,0.00023,0.0001,293.15,0
0.000825,0.00023,0.0001,293.15,0
0.0008375,0.00023,0.0001,293.15,0
0.00085,0.00023,0.0001,293.15,0
0.0008625,0.00023,0.0001,293.15,0
0.000875,0.00023,0.0001,293.15,0
0.0008875,0.00023,0.0001,293.15,0
0.0009,0.00023,0.0001,293.15,0
0.0009125,0.00023,0.0001,293.15,0
0.000925,0.00023,0.0001,293.15,0
0.0009375,0.00023,0.0001,293.15,0
0.00095,0.00023,0.0001,293.15,0
0.0009625,0.00023,0.0001,293.15,0
0.000975,0.00023,0.0001,293.15,0
0.0009875,0.00023,0.0001,293.15,0
0.001,0.00023,0.0001,293.15,0
